1.000000000000000000e+00 0.000000000000000000e+00 0.000000000000000000e+00 0.000000000000000000e+00 0.000000000000000000e+00 1.000000000000000000e+00 0.000000000000000000e+00 0.000000000000000000e+00 0.000000000000000000e+00 0.000000000000000000e+00 1.000000000000000000e+00 0.000000000000000000e+00
9.992363358938523010e-01 -1.022788536448317534e-02 3.771121040750737702e-02 2.081299999999999904e-03 1.020141206466243164e-02 9.999475642801627373e-01 8.943612562574523080e-04 -4.531000000000000088e-04 -3.771838041744716291e-02 -5.089706678439501458e-04 9.992882790904453749e-01 5.760710000000000136e-02
9.984859275876900586e-01 -1.355034310115450780e-02 5.331266839308564098e-02 3.593199999999999953e-03 1.351300677749725510e-02 9.999081325138811094e-01 1.060745225744566360e-03 -6.583000000000000093e-04 -5.332214415401383134e-02 -3.387247313395472898e-04 9.985773050737608569e-01 8.697480000000000488e-02
9.965956089429803821e-01 -1.633861185593332363e-02 8.080991274708319849e-02 8.164499999999999882e-03 1.613209134694568517e-02 9.998647233491392283e-01 3.207901295722869351e-03 -1.014600000000000050e-03 -8.085139370687337290e-02 -1.893347451065252509e-03 9.967243688056822704e-01 1.461574999999999958e-01
9.944132646417199739e-01 -1.589981405223903077e-02 1.043525515629630807e-01 1.375479999999999932e-02 1.592604270049620407e-02 9.998730031919561556e-01 5.819379696278941796e-04 -1.440599999999999997e-03 -1.043485518275103774e-01 1.083236355900833552e-03 9.945401984487598490e-01 2.060172000000000114e-01
9.921610289386392223e-01 -1.724333906071876324e-02 1.237705938963605812e-01 2.113019999999999829e-02 1.801478796331636503e-02 9.998246297372201941e-01 -5.116364477568485607e-03 -1.841399999999999981e-03 -1.236606650073396318e-01 7.305958449626126679e-03 9.922976684952328208e-01 2.676714000000000038e-01
9.912066241863903837e-01 -1.661785869358764142e-02 1.312755687150501394e-01 2.526010000000000061e-02 1.757649213479141673e-02 9.998266253034586715e-01 -6.147052833093182185e-03 -1.992199999999999960e-03 -1.311506579977985143e-01 8.400363488396029449e-03 9.913268577013372163e-01 2.995713999999999877e-01
9.904155941319564560e-01 -1.636883211952067790e-02 1.371459523109838097e-01 2.959250000000000075e-02 1.748507823997273725e-02 9.998230504246524708e-01 -6.938290746637972538e-03 -2.282399999999999967e-03 -1.370081126765336221e-01 9.269799058544825679e-03 9.905265508234639693e-01 3.319245000000000112e-01
9.897172614432951931e-01 -1.720616303785809514e-02 1.419989096954575869e-01 3.438089999999999896e-02 1.858943364549491689e-02 9.997917422747487626e-01 -8.420512808738841309e-03 -2.614099999999999844e-03 -1.418244526092867219e-01 1.097360618652952827e-02 9.898309980038709766e-01 3.646132999999999735e-01
9.885028492330931726e-01 -1.629456663985771533e-02 1.503216689505408876e-01 4.447120000000000239e-02 1.815372782150435557e-02 9.997746533449971551e-01 -1.100384910263779020e-02 -3.356800000000000062e-03 -1.501084915127705588e-01 1.360623485429087245e-02 9.885759005503069741e-01 4.318120999999999765e-01
9.880311487993416186e-01 -1.623952806436023549e-02 1.533972839736745253e-01 4.941040000000000015e-02 1.794798251483210177e-02 9.997912926829992664e-01 -9.759149496991142633e-03 -3.905399999999999844e-03 -1.532067848559605094e-01 1.239551545939891926e-02 9.881164062349108157e-01 4.661579000000000139e-01
9.873017625188643676e-01 -1.751436563062415061e-02 1.578875445489631713e-01 6.053970000000000184e-02 1.880149258927694619e-02 9.998010402231357618e-01 -6.662120169371154796e-03 -4.696299999999999607e-03 -1.577394484698085575e-01 9.546044484109081005e-03 9.874346253961059361e-01 5.368045000000000178e-01
9.868031461630705214e-01 -2.016502959132663794e-02 1.606640043825828257e-01 7.235279999999999490e-02 2.157696430904272947e-02 9.997423459794024803e-01 -7.048139244296364528e-03 -5.355399999999999744e-03 -1.604804827194633576e-01 1.042176746917793280e-02 9.869839924887062743e-01 6.095855999999999497e-01
9.865778258482228447e-01 -2.168787448369912524e-02 1.618450791497004215e-01 8.420550000000000257e-02 2.333489877676058616e-02 9.996933950104119893e-01 -8.282419431214623970e-03 -6.153299999999999569e-03 -1.616158285678473416e-01 1.194788989468586159e-02 9.867814205199612054e-01 6.839020999999999573e-01
9.869143582446550100e-01 -2.163289493098587146e-02 1.597875694396956869e-01 9.673850000000000504e-02 2.353142422724292804e-02 9.996730950119583348e-01 -9.998759075486151476e-03 -6.905500000000000180e-03 -1.595190319816985891e-01 1.362794797895185150e-02 9.871007838460593709e-01 7.603421999999999681e-01
9.873412570646746822e-01 -2.198169881633778647e-02 1.570797473103892339e-01 1.092444999999999944e-01 2.381429674808123106e-02 9.996684241675758420e-01 -9.793926317357292896e-03 -7.969999999999999654e-03 -1.568123763238802593e-01 1.341069123734157410e-02 9.875373572641160669e-01 8.389229999999999743e-01
9.875899902259011043e-01 -2.226627685574220430e-02 1.554677591032558037e-01 1.215737000000000068e-01 2.429439836282369300e-02 9.996425855900796797e-01 -1.115720766898342653e-02 -8.835600000000000745e-03 -1.551637632109796605e-01 1.479574228498969565e-02 9.877779571322915508e-01 9.199157999999999502e-01
9.878769691975838318e-01 -2.469837157721690990e-02 1.532614895217640216e-01 1.345320999999999878e-01 2.644388914128091572e-02 9.996064702224698451e-01 -9.360844858140236063e-03 -9.767299999999999593e-03 -1.529699789373055452e-01 1.330019288612947770e-02 9.881413311936263488e-01 1.002971499999999905e+00
9.880658153389256793e-01 -2.717194189644982563e-02 1.516167211497463918e-01 1.478897000000000128e-01 2.876603640403569903e-02 9.995514616695918564e-01 -8.330103467794322536e-03 -1.076290000000000059e-02 -1.513223701513616293e-01 1.259210259481794228e-02 9.884042590175418086e-01 1.087891299999999895e+00
9.882349310758414829e-01 -2.838156374409184918e-02 1.502870847443882329e-01 1.606527000000000094e-01 3.017041305687027941e-02 9.994983232863176026e-01 -9.635762752237372192e-03 -1.194229999999999944e-02 -1.499382111988292188e-01 1.405662076317152134e-02 9.885954401246324075e-01 1.172697700000000065e+00
9.882900093404061170e-01 -3.128040174069107726e-02 1.493465563877553193e-01 1.803978999999999999e-01 3.287204885225172846e-02 9.994259277108648032e-01 -8.200208749318222551e-03 -1.435059999999999981e-02 -1.490043148442191379e-01 1.301351167895084537e-02 9.887509103265526011e-01 1.303194799999999987e+00
9.881756833640739091e-01 -3.173026978935181153e-02 1.500066958073551504e-01 1.927120999999999973e-01 3.354311804118106921e-02 9.993914539761646898e-01 -9.569793701163802416e-03 -1.483690000000000009e-02 -1.496117576931065285e-01 1.448832973473440471e-02 9.886386651661347447e-01 1.391155399999999931e+00
9.877488808856438318e-01 -2.944145568526509299e-02 1.532493034120903097e-01 2.133525000000000005e-01 3.153350227560745150e-02 9.994395148635499826e-01 -1.123807650562043056e-02 -1.734890000000000043e-02 -1.528325441239286597e-01 1.593288474961423312e-02 9.881236545292106932e-01 1.527349499999999916e+00
9.872271705413400156e-01 -2.600863173096472011e-02 1.571816300348839179e-01 2.331505000000000105e-01 2.789025779813831749e-02 9.995631774264123193e-01 -9.776904068669269379e-03 -1.929660000000000056e-02 -1.568586856533404073e-01 1.403586152317099107e-02 9.875213148719418355e-01 1.666276599999999997e+00
9.861184741805434362e-01 -2.476805041105578989e-02 1.641855613587026586e-01 2.574827000000000088e-01 2.731189399449325886e-02 9.995390886746432502e-01 -1.325408080167193338e-02 -2.090169999999999875e-02 -1.637816086325643572e-01 1.755431258406561779e-02 9.863404233749271111e-01 1.809080100000000080e+00
9.846503807461673974e-01 -2.123715979304804588e-02 1.732414810036904396e-01 2.742296000000000178e-01 2.355335911377460720e-02 9.996584362178716487e-01 -1.132475928649051382e-02 -2.321149999999999949e-02 -1.729418022656322995e-01 1.523134735878366348e-02 9.848142662892078736e-01 1.905668499999999987e+00
9.829292499252646476e-01 -1.967014595225516360e-02 1.829294262812127814e-01 2.910328999999999833e-01 2.262917955375737949e-02 9.996444591379076705e-01 -1.410232419155626853e-02 -2.496949999999999864e-02 -1.825869926201768023e-01 1.800112977279270596e-02 9.830248976769726532e-01 2.001903800000000011e+00
9.811187561192146189e-01 -1.820243832165450298e-02 1.925478060904134148e-01 3.088369000000000253e-01 2.161429853649671218e-02 9.996441415878469794e-01 -1.563369079493678870e-02 -2.744680000000000036e-02 -1.921947150414398953e-01 1.950029302966647254e-02 9.811630496925048961e-01 2.098174300000000159e+00
9.791337562641818648e-01 -1.496492178779899353e-02 2.026650893959754118e-01 3.281530999999999754e-01 1.835034612700237738e-02 9.997215438892437245e-01 -1.483575008976971074e-02 -2.979570000000000135e-02 -2.023866402236394191e-01 1.824515825066891708e-02 9.791357219810720158e-01 2.196352000000000082e+00
9.768128975809354797e-01 -1.412794035474369304e-02 2.136280983879921547e-01 3.490797999999999957e-01 1.747865646630149608e-02 9.997519410813786589e-01 -1.380408896481816194e-02 -3.212279999999999996e-02 -2.133800826873723799e-01 1.721794428346201666e-02 9.768175278459031441e-01 2.295271599999999967e+00
9.726173817882792783e-01 -1.466700157279727905e-02 2.319489334059896268e-01 3.817549000000000081e-01 1.884225377087359737e-02 9.996976910472051836e-01 -1.579544199193819165e-02 -3.542970000000000147e-02 -2.316471413942910174e-01 1.973336209950668496e-02 9.725997102118132398e-01 2.444946499999999912e+00
9.661569126801745622e-01 -1.312940607553568680e-02 2.576207266048621825e-01 4.258706999999999909e-01 1.758343740915525172e-02 9.997329834996449005e-01 -1.499281267064003081e-02 -4.080519999999999980e-02 -2.573550908942579540e-01 1.901526752381546559e-02 9.661297929325054490e-01 2.645731899999999914e+00
9.574249592005824594e-01 -1.374460959370860103e-02 2.883548737352629732e-01 4.291132999999999753e-01 1.793665578518350429e-02 9.997682999929773384e-01 -1.190053395423275491e-02 -4.334670000000000190e-02 -2.881244937158358721e-01 1.656599034976590640e-02 9.574496561619961765e-01 2.713075400000000137e+00
9.494275791847646140e-01 -1.283512060242728882e-02 3.137236547703706746e-01 4.659734999999999849e-01 1.968499203011559243e-02 9.996317876472869957e-01 -1.867592605103258335e-02 -4.377629999999999716e-02 -3.133684300821188984e-01 2.390708690347902871e-02 9.493306474688666396e-01 2.867565599999999826e+00
9.422042595834270173e-01 -1.027892785462962248e-02 3.348812877199998095e-01 4.932655000000000234e-01 1.896819741866649645e-02 9.995626559422639001e-01 -2.268709616354205871e-02 -4.634800000000000031e-02 -3.345016303540723213e-01 2.772797302015836407e-02 9.419871648821234178e-01 2.972029000000000032e+00
9.376868577299934948e-01 -9.130205526432039198e-03 3.473614776964999984e-01 5.126532000000000311e-01 1.809754924528470324e-02 9.995812215226811404e-01 -2.258008614994957974e-02 -4.851720000000000338e-02 -3.470098493584374277e-01 2.745944147774603827e-02 9.374594089996455271e-01 3.039077499999999876e+00
9.349349596907916560e-01 -6.621106490413287103e-03 3.547573566493307240e-01 5.382234999999999658e-01 1.545780289041267380e-02 9.996366804804178718e-01 -2.208083711936990184e-02 -5.156170000000000198e-02 -3.544822668029797841e-01 2.612791585514621928e-02 9.346976273294415050e-01 3.101899099999999798e+00
9.314640495171154777e-01 -8.739220942467849224e-03 3.637284020728863698e-01 5.617796999999999930e-01 1.735793574874535533e-02 9.996405241788444140e-01 -2.043341591578992991e-02 -5.474280000000000118e-02 -3.634190783705761874e-01 2.534656656756414592e-02 9.312809055486518384e-01 3.165141100000000041e+00
9.274457334048789026e-01 -7.298310450119259267e-03 3.738865419531170464e-01 5.994026999999999550e-01 1.751580605166448701e-02 9.995600026364925839e-01 -2.393736969040915694e-02 -5.746330000000000188e-02 -3.735473305050469039e-01 2.874953554248355428e-02 9.271654955177337509e-01 3.259626900000000216e+00
9.232821995392755943e-01 -6.549027865172728398e-03 3.840665179990812028e-01 6.384172999999999654e-01 1.770770349551606740e-02 9.995173364879559319e-01 -2.552511110528513441e-02 -6.048619999999999691e-02 -3.837139784407550547e-01 3.036781674805506467e-02 9.229525331538585009e-01 3.355436999999999781e+00
9.201908556190886435e-01 -8.310169279991921204e-03 3.913818216544396322e-01 6.652831999999999635e-01 1.980715911528938347e-02 9.994824598196347942e-01 -2.534736595139240947e-02 -6.294439999999999757e-02 -3.909686249340109110e-01 3.107657637884323268e-02 9.198792207229048445e-01 3.419200899999999876e+00
9.166244940035798150e-01 -1.115550161058687616e-02 3.995936583286794908e-01 7.081307000000000018e-01 2.250625632856418507e-02 9.994651598406905091e-01 -2.372472741036068047e-02 -6.638589999999999769e-02 -3.991152783579629548e-01 3.074002355950867724e-02 9.163853149919015673e-01 3.517008999999999830e+00
9.142581318737298401e-01 -8.113898318009456906e-03 4.050509016862481881e-01 7.363790999999999531e-01 2.068739518711215294e-02 9.994301011700111870e-01 -2.667404273209198970e-02 -6.872870000000000368e-02 -4.046036331808328668e-01 3.276640855184199258e-02 9.139049526550799829e-01 3.581485699999999994e+00
9.114363704022233614e-01 -5.112300747779951852e-03 4.114092938778671216e-01 7.649922000000000111e-01 1.918123243046579787e-02 9.993635635310025300e-01 -3.007570795616205592e-02 -7.115879999999999428e-02 -4.109937019352844501e-01 3.530343138676679537e-02 9.109543592858263539e-01 3.646110999999999880e+00
9.085509918891859771e-01 -4.385803820840843831e-03 4.177509543520175894e-01 7.944719000000000086e-01 1.917886216241296640e-02 9.993285211676826707e-01 -3.121983387155567724e-02 -7.405649999999999733e-02 -4.173335193623100015e-01 3.637679900235132879e-02 9.080250338570028390e-01 3.710688799999999787e+00
9.051904497551800377e-01 -4.584453535869326829e-03 4.249814495454975471e-01 8.247221000000000135e-01 1.890476739270356352e-02 9.993864204166217347e-01 -2.948546178507518989e-02 -7.683990000000000264e-02 -4.245855148752045727e-01 3.472413386434300420e-02 9.047217114038594854e-01 3.775819100000000095e+00
9.016710119289278458e-01 -3.178060115009520917e-03 4.324110153325983474e-01 8.550813999999999915e-01 1.766058159410682088e-02 9.994093167189175286e-01 -2.948086690014845718e-02 -7.947329999999999672e-02 -4.320619054080341859e-01 3.421867310887082708e-02 9.011945363271168796e-01 3.840478200000000175e+00
8.985811902419810204e-01 -2.448505444223308437e-03 4.388004664587247805e-01 8.861404999999999976e-01 1.775377375253841747e-02 9.993685002967729325e-01 -3.077993067117975462e-02 -8.237990000000000590e-02 -4.384479992665590298e-01 3.544863094209087934e-02 8.980572066987063673e-01 3.904876499999999862e+00
8.961323331687971461e-01 -4.812609322295749795e-03 4.437608367588997127e-01 9.178718000000000155e-01 2.059854407701874196e-02 9.993145520919278768e-01 -3.075916057399120940e-02 -8.525749999999999995e-02 -4.433086299987346046e-01 3.670510548711733434e-02 8.956172138809216365e-01 3.969381100000000107e+00
8.948396968733614010e-01 -6.782821417905681924e-03 4.463360955974808864e-01 9.339016999999999458e-01 2.227250861708005014e-02 9.993175863297159012e-01 -2.946687991717169067e-02 -8.668770000000000642e-02 -4.458316411600828921e-01 3.630915842819441158e-02 8.943801164799805026e-01 4.001639400000000180e+00
8.922821267755842722e-01 -6.446296783856934887e-03 4.514322224815311979e-01 9.658331000000000000e-01 2.271278143344388975e-02 9.992728898903942003e-01 -3.062386470804492195e-02 -8.938690000000000524e-02 -4.509065710281863759e-01 3.757840853301890743e-02 8.917797527504920385e-01 4.065914199999999923e+00
8.896101404827786441e-01 -4.746773017126533836e-03 4.566960324944094318e-01 9.982474999999999543e-01 2.192670112404321997e-02 9.992368399676814228e-01 -3.232580129276102499e-02 -9.225930000000000242e-02 -4.561940570941577788e-01 3.877119803831277633e-02 8.890353066524671055e-01 4.130142700000000389e+00
8.867720803339239621e-01 -1.735659936631255701e-03 4.622037051180237777e-01 1.030458499999999944e+00 1.999502691028279613e-02 9.992008624404028483e-01 -3.460975869913091724e-02 -9.495249999999999524e-02 -4.617742700054884297e-01 3.993274324335074205e-02 8.860981320248670912e-01 4.194311100000000181e+00
8.840618861985034549e-01 -4.488253767212114359e-03 4.673483036764607967e-01 1.064688599999999985e+00 2.298084716384957496e-02 9.991617894959757828e-01 -3.387623170942963974e-02 -9.845729999999999760e-02 -4.668045222946925477e-01 4.068874524140902310e-02 8.834240001131413722e-01 4.258973100000000400e+00
8.813325085669299064e-01 -4.265472344069863933e-03 4.724773170098268693e-01 1.099053599999999964e+00 2.232376541432982975e-02 9.992184656541731602e-01 -3.262065899772839672e-02 -1.014290999999999943e-01 -4.719689172401594357e-01 3.929712001409368938e-02 8.807389383453814169e-01 4.323499700000000168e+00
8.778436109329972314e-01 -1.145865730370440594e-03 4.789460112954741500e-01 1.133390300000000073e+00 1.946211501902448543e-02 9.992565327129114827e-01 -3.328074382516498647e-02 -1.046158999999999978e-01 -4.785517953399640034e-01 3.853659069375440366e-02 8.772132638957297335e-01 4.388041000000000302e+00
8.742507184171705026e-01 -5.446995881860147021e-04 4.854743913425505486e-01 1.168254899999999985e+00 1.908343487128300042e-02 9.992650390858545117e-01 -3.324461120631949651e-02 -1.079149999999999970e-01 -4.850994783140616384e-01 3.832864415948565584e-02 8.736185730490857448e-01 4.451844699999999655e+00
8.700647900889805220e-01 9.575771145699501358e-04 4.929364503599708014e-01 1.203370899999999910e+00 1.774039450832468057e-02 9.992894670755505526e-01 -3.325416356715564514e-02 -1.105691000000000035e-01 -4.926180462083248335e-01 3.767816394056099083e-02 8.694295926134335550e-01 4.515461900000000028e+00
8.658246941947963515e-01 2.049286104655660863e-03 5.003432815067557771e-01 1.239048699999999892e+00 1.738910379531400513e-02 9.992642687492081510e-01 -3.418391829949061350e-02 -1.138085999999999959e-01 -5.000452159472014158e-01 3.829780186344535625e-02 8.651520446607897652e-01 4.578596600000000016e+00
8.619069064455480156e-01 1.560060578924733071e-03 5.070641486364969586e-01 1.275230599999999992e+00 1.848385800717302144e-02 9.992339920469578418e-01 -3.449313165067342118e-02 -1.168947999999999932e-01 -5.067295448408707381e-01 3.910237011857602835e-02 8.612178429622053821e-01 4.641218199999999960e+00
8.576924982592715185e-01 3.008380065932880418e-03 5.141541870676037407e-01 1.312243199999999943e+00 1.766238234206679580e-02 9.992203082983207585e-01 -3.531027802512202995e-02 -1.201296000000000030e-01 -5.138595320510969122e-01 3.936654840835891733e-02 8.569706273768314952e-01 4.704155000000000086e+00
8.538307626579594301e-01 1.788972184963884271e-03 5.205476234865055174e-01 1.350380799999999937e+00 2.004089704945648254e-02 9.991397507884518525e-01 -3.630593394809590591e-02 -1.235273000000000065e-01 -5.201647731098103522e-01 4.143136460354451822e-02 8.530604028102041214e-01 4.767143199999999581e+00
8.499527135967096525e-01 -2.085806892407632979e-04 5.268589385629569577e-01 1.388078300000000098e+00 2.358058196610352680e-02 9.990128892832857987e-01 -3.764575938935529886e-02 -1.267581999999999876e-01 -5.263310182800644554e-01 4.442075573374945630e-02 8.491186346184571576e-01 4.829681899999999750e+00
8.466535065710896202e-01 -3.544520390126020687e-04 5.321444485989023088e-01 1.427330599999999894e+00 2.644349325943295276e-02 9.987923759446138972e-01 -4.140690062237646629e-02 -1.296476000000000017e-01 -5.314871414014793460e-01 4.912905574774541206e-02 8.456404403800819036e-01 4.892852300000000376e+00
8.430975167163076156e-01 -1.076229083912156465e-03 5.377596294235504892e-01 1.467280600000000046e+00 2.839963680815896230e-02 9.986916380387628189e-01 -4.252614184966033162e-02 -1.332325000000000037e-01 -5.370102773094385107e-01 5.112586275469305219e-02 8.420250045109278769e-01 4.955726099999999690e+00
8.388639963321329329e-01 -3.447513897550866235e-04 5.443409563905351467e-01 1.506626599999999927e+00 2.877731366125099721e-02 9.986294846246400736e-01 -4.371519937925306964e-02 -1.369354000000000127e-01 -5.435798578646243717e-01 5.233577729245199317e-02 8.377242413462020476e-01 5.018401100000000170e+00
8.348667353490334397e-01 1.757090557050252494e-03 5.504493135979199314e-01 1.546565500000000037e+00 2.700216147645723500e-02 9.986602853879333885e-01 -4.414201699617734814e-02 -1.410911999999999999e-01 -5.497894301305238374e-01 5.171602287169620865e-02 8.337008069416078637e-01 5.081088099999999663e+00
8.321661760747580683e-01 -1.968502382788280686e-03 5.545228402829622816e-01 1.588638100000000053e+00 3.103168180924472871e-02 9.985919942538642458e-01 -4.302399024009833511e-02 -1.449107000000000034e-01 -5.536573761101757363e-01 5.301088577319986589e-02 8.310555672566883878e-01 5.144254700000000291e+00
8.295805468765807822e-01 -3.129941114712205680e-03 5.583782944497139855e-01 1.630474900000000060e+00 3.206082631989069787e-02 9.986016001710890100e-01 -4.203507525182086091e-02 -1.486097999999999864e-01 -5.574658910279972623e-01 5.277355023455283789e-02 8.285208100802310405e-01 5.207230599999999932e+00
8.257861212353636571e-01 -3.405322418150806205e-03 5.639731250283844810e-01 1.671181599999999934e+00 3.249786534262760068e-02 9.986075805215394174e-01 -4.155464923555136220e-02 -1.514588000000000045e-01 -5.630463308851464399e-01 5.264317528555535058e-02 8.247469462645063976e-01 5.270767700000000389e+00
8.207439300752006339e-01 -2.083234445556176803e-03 5.712924482075349975e-01 1.709608599999999923e+00 3.203821780296423061e-02 9.985874863259284195e-01 -4.238613869266128625e-02 -1.543815000000000048e-01 -5.703971895484094556e-01 5.309135793618901394e-02 8.196513611699595137e-01 5.334342499999999987e+00
8.186679599895555492e-01 6.740029040094609736e-04 5.742667646718073726e-01 1.756826500000000069e+00 3.105864792504879970e-02 9.984837366837749917e-01 -4.544873999434839718e-02 -1.585565999999999920e-01 -5.734266576255480086e-01 5.504337651426743916e-02 8.174057101747584930e-01 5.398663499999999615e+00
8.120562032293854315e-01 2.464103435036267900e-03 5.835740321423978916e-01 1.800702599999999931e+00 2.746567547359893280e-02 9.987215884609883521e-01 -4.243613333869178383e-02 -1.625292000000000125e-01 -5.829325513877690046e-01 5.048878030039669063e-02 8.109503829435709132e-01 5.463038000000000061e+00
8.050673890831123725e-01 2.520518656503524524e-03 5.931780053412321063e-01 1.845927799999999896e+00 2.704273598943274584e-02 9.987953017049285842e-01 -4.094674251227426592e-02 -1.663998999999999895e-01 -5.925666118379488978e-01 4.900604327899638762e-02 8.040293640514820650e-01 5.527364300000000341e+00
7.995028714541784209e-01 1.137235709890464450e-03 6.006611900493187273e-01 1.892756099999999941e+00 3.006135028432824902e-02 9.986693169598069852e-01 -4.190358674523701060e-02 -1.697323000000000026e-01 -5.999095546460370132e-01 5.155872436332026992e-02 7.984047997015177867e-01 5.590712100000000184e+00
7.934373868704559518e-01 -1.550612768983815684e-03 6.086499065277370946e-01 1.940313200000000071e+00 3.165754935389405306e-02 9.987483262978882337e-01 -3.872441459948431502e-02 -1.740230000000000110e-01 -6.078280288741941817e-01 4.999376278304781124e-02 7.924933507593007187e-01 5.654539599999999666e+00
7.908991823874073068e-01 -9.443625934380459053e-04 6.119457422666022550e-01 1.964730700000000052e+00 3.016921466540810337e-02 9.988429782876818708e-01 -3.745027652589497102e-02 -1.759496999999999867e-01 -6.112023411157742059e-01 4.808131554653627404e-02 7.900125855389339424e-01 5.686148600000000108e+00
7.881054520542152275e-01 -3.101284242284507719e-04 6.155401694956890157e-01 1.989576000000000011e+00 2.947482745146993294e-02 9.988717669484866724e-01 -3.723476520557315178e-02 -1.779930000000000123e-01 -6.148341491728701591e-01 4.748786174980478697e-02 7.872254264169217253e-01 5.718073799999999984e+00
7.824148906704231354e-01 -1.607124251591686426e-03 6.227554544191723496e-01 2.041269799999999801e+00 3.086296408347909137e-02 9.988679599083460925e-01 -3.619773634525372957e-02 -1.818659999999999999e-01 -6.219922960175404691e-01 4.754172714761811108e-02 7.815787662639317457e-01 5.783371899999999677e+00
7.770671479032561502e-01 -2.186425747509357018e-03 6.294139076886920980e-01 2.094507899999999978e+00 3.068337094092880163e-02 9.989366318717434190e-01 -3.441128088924122475e-02 -1.859911999999999954e-01 -6.286693712892336139e-01 4.605241630129217056e-02 7.763079263769063765e-01 5.849732399999999721e+00
7.727166371829542468e-01 -4.240414422720840612e-03 6.347369671810443315e-01 2.150239000000000011e+00 3.183744443123049522e-02 9.989779574854450450e-01 -3.208453818113509576e-02 -1.898943999999999910e-01 -6.339521872765760957e-01 4.500065936996908850e-02 7.720618918865980174e-01 5.917583500000000107e+00
7.689152297046427664e-01 3.520225516528592558e-04 6.393506437068624537e-01 2.206900399999999873e+00 2.725182193863160546e-02 9.990729784421413795e-01 -3.332449471145011721e-02 -1.941772999999999971e-01 -6.387696828507763991e-01 4.304718140449473318e-02 7.681928354546447846e-01 5.986482600000000431e+00
7.665433840140913890e-01 4.388709487160954992e-03 6.421775297012989325e-01 2.235356799999999922e+00 2.372605586010085102e-02 9.991004110798072935e-01 -3.514886702987013445e-02 -1.959384999999999877e-01 -6.417540920769798651e-01 4.217947141913257203e-02 7.657496833125391200e-01 6.020913099999999574e+00
7.648039256768472960e-01 4.499245548494550800e-03 6.442473997299313915e-01 2.263883100000000148e+00 2.215660754097875315e-02 9.992004148337196856e-01 -3.328086144314192085e-02 -1.978783000000000070e-01 -6.438820078333906682e-01 3.972767027673430873e-02 7.640927117849145578e-01 6.054952600000000018e+00
7.628687160064669959e-01 3.645882320879279340e-03 6.465431382984019315e-01 2.292744900000000197e+00 2.262545754109514251e-02 9.992210987080646367e-01 -3.233086091807812340e-02 -1.995981000000000005e-01 -6.461574195269295107e-01 3.929253668001481820e-02 7.621920268223416617e-01 6.088728900000000444e+00
7.608550952833587067e-01 4.107650628185860117e-03 6.489088157728080120e-01 2.320987199999999806e+00 2.240840053676474569e-02 9.992172678754789317e-01 -3.259931233703100562e-02 -2.015176999999999941e-01 -6.485348005826172546e-01 3.934436155003845359e-02 7.601675036776333050e-01 6.121968299999999807e+00
7.592169489334757992e-01 5.148100579841991334e-03 6.508172719838984932e-01 2.349688800000000022e+00 2.132458907489956368e-02 9.992350559550828848e-01 -3.278055599328653924e-02 -2.032844000000000040e-01 -6.504881907866817414e-01 3.876596459346975942e-02 7.585264093202076507e-01 6.155267199999999939e+00
7.571031626765806211e-01 4.607253232311693709e-03 6.532790937132246789e-01 2.378152399999999833e+00 1.949333896159601703e-02 9.993705587807516499e-01 -2.963943282818502778e-02 -2.052537000000000111e-01 -6.530044492966700087e-01 3.517469914443509260e-02 7.565367999898293672e-01 6.188499000000000194e+00
7.543882915369691800e-01 4.459629837107053490e-03 6.564132976209795522e-01 2.405629600000000146e+00 1.825498138920793670e-02 9.994476424883447230e-01 -2.776986818423111264e-02 -2.069593000000000127e-01 -6.561745661380151695e-01 3.293207594740853866e-02 7.538901890377548431e-01 6.220260599999999584e+00
7.505487799980047336e-01 5.133925326412066767e-03 6.607951056524627997e-01 2.462382999999999988e+00 1.810590545579866123e-02 9.994346311359056934e-01 -2.833009484385708154e-02 -2.102668000000000037e-01 -6.605669572655994415e-01 3.322741183088268047e-02 7.500314887202327307e-01 6.285872499999999974e+00
7.444200356178591882e-01 4.544905457659921370e-03 6.676961542536290484e-01 2.513669999999999849e+00 1.758402589553391057e-02 9.994965831250572919e-01 -2.640799792942703436e-02 -2.132458999999999882e-01 -6.674800465961587825e-01 3.139942922596464236e-02 7.439653642746235640e-01 6.344769000000000325e+00
7.376098699097096700e-01 1.768309751181280573e-02 6.749955465587670345e-01 2.565600900000000184e+00 3.180652725078451232e-03 9.995549435604338395e-01 -2.966139329398325211e-02 -2.163337999999999928e-01 -6.752196407540463907e-01 2.402546287349368107e-02 7.372253480949301219e-01 6.403809500000000376e+00
7.300539844597873085e-01 2.584644946191847620e-02 6.829005350888232018e-01 2.617370100000000033e+00 6.032459475156378217e-03 9.990018655342576270e-01 -4.425925995488101672e-02 -2.200969999999999871e-01 -6.833628532537229239e-01 3.643121888278832987e-02 7.291693747570897610e-01 6.462122400000000155e+00
7.278616230855365909e-01 1.784858319290904063e-02 6.854917109034170952e-01 2.644045799999999780e+00 1.313323982982297043e-02 9.991149829363413781e-01 -3.995959063462278804e-02 -2.219402000000000041e-01 -6.855982611200677201e-01 3.808777953780040360e-02 7.269830434054285195e-01 6.490938200000000435e+00
7.210618065053289172e-01 9.704274427173245274e-03 6.928027845333140089e-01 2.698010399999999809e+00 5.347554456176163706e-03 9.997941869598464537e-01 -1.957006342958044626e-02 -2.250121999999999955e-01 -6.928501099520802953e-01 1.781602590763953220e-02 7.208615084468366074e-01 6.548614500000000227e+00
7.139952524749245688e-01 1.138065643869871912e-02 7.000580405239931192e-01 2.747381199999999968e+00 -1.248292219432354036e-04 9.998699387849239173e-01 -1.612730392526558199e-02 -2.271575000000000122e-01 -7.001505294298746573e-01 1.142743073734612397e-02 7.139038100233177087e-01 6.601320699999999597e+00
7.095848425410108407e-01 9.041093780380570974e-03 7.045619985915386740e-01 2.792457300000000142e+00 9.573588025133144760e-03 9.997016731085741625e-01 -2.247022910970650905e-02 -2.290563999999999933e-01 -7.045549642493295073e-01 2.268972029735136231e-02 7.092865985935826734e-01 6.648498499999999645e+00
7.035134253105150837e-01 1.139480681608669860e-02 7.105906126494285768e-01 2.835196999999999967e+00 9.473153131677240074e-03 9.996322637967248737e-01 -2.540859197946638767e-02 -2.311857999999999969e-01 -7.106188287525245784e-01 2.460681926335206091e-02 7.031467732046635666e-01 6.691708600000000118e+00
6.966934814537304455e-01 8.835150256813797606e-03 7.173145286551918520e-01 2.875896000000000008e+00 1.068851459959430962e-02 9.996853115077924956e-01 -2.269435196744304384e-02 -2.329649000000000025e-01 -7.172893060373441987e-01 2.347803389356634129e-02 6.963798054000113202e-01 6.731994600000000162e+00
6.904018655977725016e-01 1.000546533102696957e-02 7.233568653456086128e-01 2.911055300000000123e+00 9.653571352314418638e-03 9.996879015190597295e-01 -2.304144345661504611e-02 -2.343735000000000124e-01 -7.233616471304384898e-01 2.289083266131294175e-02 6.900898037507949834e-01 6.767756499999999953e+00
6.851928868339863810e-01 1.059970408210854538e-02 7.282845282617772531e-01 2.946046599999999849e+00 8.345457409110136962e-03 9.997142143262629510e-01 -2.240185292906563333e-02 -2.357415999999999956e-01 -7.283138479891347883e-01 2.142745779121940294e-02 6.849086091442163626e-01 6.803166899999999906e+00
6.763821727637338022e-01 6.006057422622538937e-03 7.365263631681129297e-01 2.964881699999999842e+00 1.084961475449133794e-02 9.997770161445300729e-01 -1.811639723618282613e-02 -2.361621999999999888e-01 -7.364709378020899422e-01 2.024463542216084141e-02 6.761661870498509863e-01 6.823383299999999707e+00
6.659799621531016234e-01 1.354429275176437936e-02 7.458466612812635343e-01 2.982583500000000054e+00 5.331169610453379872e-03 9.997232048636577328e-01 -2.291489226947398053e-02 -2.368955000000000088e-01 -7.459505805622366204e-01 1.923709414104747203e-02 6.657234152167630370e-01 6.844570199999999716e+00
6.492433482956224688e-01 2.150293040039406856e-02 7.602767250666594423e-01 2.994989599999999808e+00 -2.547878899933089802e-03 9.996561545521066572e-01 -2.609752822023527277e-02 -2.369400999999999868e-01 -7.605764807085481083e-01 1.500655357803747439e-02 6.490748957883898385e-01 6.863449100000000414e+00
6.340373665602077047e-01 2.231265190875763443e-02 7.729804417772776493e-01 3.007076500000000152e+00 -5.789519973859102650e-03 9.996925953861942604e-01 -2.410801087786213631e-02 -2.378367000000000120e-01 -7.732807376780239661e-01 1.081019402293256597e-02 6.339716400922974504e-01 6.879940999999999640e+00
6.339265021082459706e-01 9.292133843942446472e-03 7.733374723711702314e-01 3.023533299999999979e+00 2.077355328341965943e-03 9.999037550093934357e-01 -1.371733621935263686e-02 -2.390155999999999947e-01 -7.733905058375386554e-01 1.030227968661372520e-02 6.338461867942528638e-01 6.895122999999999891e+00
6.325831693874519601e-01 8.574334780867311212e-03 7.744449719578480051e-01 3.034136100000000003e+00 1.207059142585903064e-04 9.999376120009816349e-01 -1.116949129802568413e-02 -2.394782000000000022e-01 -7.744924268434189019e-01 7.159112294133792437e-03 6.325426688163823252e-01 6.906142199999999676e+00
6.296766900987383897e-01 2.150867313564183703e-02 7.765594909124743372e-01 3.044314099999999801e+00 -1.173904782168452843e-02 9.997659546276946863e-01 -1.817225147345656600e-02 -2.399004999999999888e-01 -7.767686017743876681e-01 2.326574159243522538e-03 6.297818085258924947e-01 6.916863900000000065e+00
6.339692305055003585e-01 2.130687233593806310e-02 7.730647010202468250e-01 3.053854499999999916e+00 -1.011631735750715896e-02 9.997633489383547234e-01 -1.925892631191452806e-02 -2.402187000000000072e-01 -7.732921019222850356e-01 4.388998840919374790e-03 6.340347480964969584e-01 6.924617800000000045e+00
6.354703747380989753e-01 2.849525858220652852e-02 7.715992632633557058e-01 3.069281800000000171e+00 -2.010692739681378682e-02 9.995906001356744675e-01 -2.035543148796829446e-02 -2.410538000000000125e-01 -7.718634039134639746e-01 -2.579216690256389000e-03 6.357831653483640988e-01 6.938585800000000248e+00
6.332369346713295766e-01 4.123809298328549172e-02 7.728585926643761761e-01 3.083486800000000194e+00 -3.813682060284909886e-02 9.990290225827753723e-01 -2.205889733442380554e-02 -2.416416999999999871e-01 -7.730178312835768173e-01 -1.550586096953164746e-02 6.341947656621182983e-01 6.950703599999999760e+00
6.319246290941129551e-01 3.545735438600939454e-02 7.742183407568002940e-01 3.098059199999999791e+00 -3.634030929712308428e-02 9.992097719991230864e-01 -1.610010750430186655e-02 -2.422796000000000116e-01 -7.741773989625745367e-01 -1.796127950357625375e-02 6.327137957830042403e-01 6.963329299999999833e+00
6.314166812784713922e-01 4.073990081164383797e-02 7.743728011010839740e-01 3.112972500000000142e+00 -3.918552785499313657e-02 9.990194407228388807e-01 -2.060707316801078243e-02 -2.428856000000000070e-01 -7.744530127838660238e-01 -1.733255721708757552e-02 6.323939543119536655e-01 6.975786199999999937e+00
6.302133126726906509e-01 3.455085848974134149e-02 7.756528983428963020e-01 3.128052199999999949e+00 -3.237677581471330029e-02 9.993098766187452631e-01 -1.820755008429082375e-02 -2.435239999999999905e-01 -7.757466886284190011e-01 -1.363849954540571549e-02 6.308970331299654788e-01 6.988637400000000000e+00
6.292795316513536408e-01 3.373732287703625626e-02 7.764464334966989512e-01 3.138892699999999980e+00 -3.468426956322182703e-02 9.992810526745775634e-01 -1.530944840462572162e-02 -2.440958000000000017e-01 -7.764047092138988138e-01 -1.729655487889824803e-02 6.299972672161384679e-01 6.998053600000000429e+00
6.315156944304366471e-01 3.580316492123306743e-02 7.745360295490882896e-01 3.140545400000000154e+00 -3.428025374765632932e-02 9.992457963792007458e-01 -1.824013765006558124e-02 -2.440515000000000045e-01 -7.746049263276341135e-01 -1.503235843505708325e-02 6.322667445855745250e-01 6.999216999999999800e+00
6.321809017710101619e-01 3.581765837860465679e-02 7.739925082223122477e-01 3.139814400000000116e+00 -3.629316262549866362e-02 9.992033700896809645e-01 -1.659613051477168769e-02 -2.440765000000000018e-01 -7.739703571730842668e-01 -1.759887921709224132e-02 6.329772236563262489e-01 6.998626699999999978e+00
6.318760922371794431e-01 3.538863934058469191e-02 7.742610982509023909e-01 3.143116700000000208e+00 -3.593789469360061245e-02 9.992204041564832773e-01 -1.634171479208588670e-02 -2.440573000000000048e-01 -7.742357985678931520e-01 -1.749937493101474603e-02 6.326552774560254555e-01 7.000919299999999623e+00
6.305731162873584594e-01 3.571039333510906549e-02 7.753078826011646774e-01 3.146513199999999788e+00 -3.818657120003827316e-02 9.991585934289813897e-01 -1.496298623283027693e-02 -2.441502000000000117e-01 -7.751898675780236614e-01 -2.017109280309964739e-02 6.314062054014791814e-01 7.003686000000000078e+00
6.298692346680762055e-01 3.587555864933617000e-02 7.758722133897115736e-01 3.150956600000000218e+00 -3.732232108815565497e-02 9.991767480935642709e-01 -1.590189981614111708e-02 -2.443470000000000086e-01 -7.758039646503778197e-01 -1.894123440454761192e-02 6.306896527389578289e-01 7.007475900000000202e+00
6.339003760924598607e-01 3.403747896775612125e-02 7.726653630229308733e-01 3.156320099999999851e+00 -3.795381436616278303e-02 9.991964962692623242e-01 -1.287904570567802512e-02 -2.445351000000000052e-01 -7.724828937684619090e-01 -2.116156583879481509e-02 6.346828869335878753e-01 7.010703999999999603e+00
6.353232866838480764e-01 3.311659149409833941e-02 7.715358791171321728e-01 3.161374599999999813e+00 -3.722051641624941204e-02 9.992321049920888099e-01 -1.224064993319061087e-02 -2.448386999999999925e-01 -7.713487891705935739e-01 -2.094019390770355052e-02 6.360680417409502185e-01 7.014725199999999994e+00
6.357876681800724850e-01 3.364574919111866513e-02 7.711303421286924697e-01 3.164617999999999931e+00 -3.776994321737438265e-02 9.992088224528206108e-01 -1.245634464053986881e-02 -2.447267999999999943e-01 -7.709393441636652744e-01 -2.120595892233900423e-02 6.365554452886894587e-01 7.016473799999999983e+00
6.343206129715895925e-01 3.646533095557941140e-02 7.722095826896002713e-01 3.169560699999999898e+00 -3.970258529407452719e-02 9.991053579076035751e-01 -1.456669218752845371e-02 -2.449812000000000101e-01 -7.720499107443206110e-01 -2.141876370427404572e-02 6.352008909636910339e-01 7.020926000000000222e+00
6.361246391918560228e-01 3.174984897703159864e-02 7.709328054395963026e-01 3.174059900000000045e+00 -3.738903137515005998e-02 9.992476851937343030e-01 -1.030164878996243233e-02 -2.451303999999999983e-01 -7.706798970687238626e-01 -2.227129823111745344e-02 6.368331693067201815e-01 7.022938700000000090e+00
6.370405851435697597e-01 3.027058930904963710e-02 7.702356680281829959e-01 3.179109599999999869e+00 -3.498120981086740716e-02 9.993344546330510392e-01 -1.034227941173940929e-02 -2.452892000000000128e-01 -7.700361081404603070e-01 -2.035532377893471342e-02 6.376755075692874808e-01 7.027027099999999749e+00
6.382358819727944610e-01 2.804632402547339518e-02 7.693298139751684195e-01 3.183959000000000206e+00 -3.439987134719609679e-02 9.993769672999941456e-01 -7.894686919878341619e-03 -2.454810000000000048e-01 -7.690719132914068945e-01 -2.142617415510046294e-02 6.388030300862463928e-01 7.030706900000000203e+00
6.399527459699653198e-01 2.932420580795828610e-02 7.678545265082661331e-01 3.188630100000000134e+00 -3.631846337663049290e-02 9.993090841834143534e-01 -7.894522560983031900e-03 -2.456849999999999867e-01 -7.675555042753985369e-01 -2.283517510854746885e-02 6.405756025905924300e-01 7.034104799999999713e+00
6.429540794780276292e-01 2.753475448088045507e-02 7.654096216917054551e-01 3.193460700000000152e+00 -3.435118906047716220e-02 9.993846298560564723e-01 -7.096296048242089344e-03 -2.458073000000000063e-01 -7.651340062320413082e-01 -2.173013813003902422e-02 6.435042762904966684e-01 7.037820800000000432e+00
6.461276464259633201e-01 2.833672695502941624e-02 7.627031496129548227e-01 3.198309399999999858e+00 -3.623494943845468469e-02 9.993226043448392160e-01 -6.431242853481438509e-03 -2.459486999999999923e-01 -7.623687381859503009e-01 -2.348110625426180070e-02 6.467167422340619476e-01 7.041295100000000140e+00
6.476097728214826876e-01 3.021965881417030750e-02 7.613726777126051948e-01 3.202820099999999837e+00 -3.795388774502891222e-02 9.992522508445608187e-01 -7.378454249818323582e-03 -2.460141999999999884e-01 -7.610263363058765718e-01 -2.411869406153775708e-02 6.482724766991272425e-01 7.044538000000000189e+00
