0.999830008 -0.004360328 0.017914509 0.001189784 0.004352257 0.999990344 0.000489606 -0.000084968 -0.017916474 -0.000411554 0.999839365 0.035413556
0.999409020 -0.007573912 0.033527497 0.002803040 0.007563728 0.999971330 0.000430584 -0.000136389 -0.033529799 -0.000176737 0.999437690 0.070642292
0.998777747 -0.009877351 0.048432529 0.004518751 0.009835204 0.999951005 0.001108476 -0.000142989 -0.048441108 -0.000630778 0.998825848 0.106377430
0.998031259 -0.010154351 0.061889563 0.007225731 0.010036360 0.999947190 0.002217039 -0.000219884 -0.061908815 -0.001591528 0.998080552 0.142330304
0.997192323 -0.010109845 0.074197635 0.009972237 0.009982667 0.999948025 0.002084697 -0.000319858 -0.074214846 -0.001338154 0.997241318 0.177961677
0.996275842 -0.009966285 0.085645437 0.013273809 0.010056532 0.999949157 -0.000622333 -0.000469617 -0.085634910 0.001481311 0.996325433 0.214133263
0.995302439 -0.009918664 0.096304379 0.016804637 0.010347277 0.999938667 -0.003952226 -0.000602203 -0.096259266 0.004930147 0.995344102 0.250936627
0.994338810 -0.010799135 0.105705328 0.021003056 0.011553131 0.999911904 -0.006523232 -0.000781066 -0.105625577 0.007707531 0.994376063 0.288193017
0.993506253 -0.010316966 0.113309063 0.025461692 0.011247245 0.999908090 -0.007573892 -0.000993175 -0.113220513 0.008799124 0.993530929 0.326426595
0.992821455 -0.010177329 0.119172402 0.030689539 0.011290858 0.999898672 -0.008672379 -0.001083737 -0.119072065 0.009955682 0.992835760 0.367812186
0.992186248 -0.010799197 0.124297529 0.035600957 0.012131505 0.999876738 -0.009966768 -0.001483788 -0.124174580 0.011396808 0.992194891 0.404860228
0.991613209 -0.010003328 0.128853083 0.041346520 0.011578363 0.999867022 -0.011480190 -0.002119893 -0.128721118 0.012875817 0.991597235 0.447953194
0.991069019 -0.010391466 0.132944196 0.046894461 0.012204997 0.999843180 -0.012833644 -0.002299625 -0.132789984 0.014341610 0.991040409 0.486148477
0.990584493 -0.009702182 0.136558816 0.051962927 0.011341977 0.999872565 -0.011235015 -0.002946462 -0.136432424 0.012678077 0.990568221 0.529480278
0.990358114 -0.010912689 0.138099894 0.058827817 0.012378443 0.999875724 -0.009759321 -0.003181844 -0.137976214 0.011374682 0.990370214 0.569764793
0.990080118 -0.010863298 0.140083313 0.065797761 0.012245720 0.999884367 -0.009010363 -0.003426515 -0.139969230 0.010636402 0.990098655 0.615131080
0.989724517 -0.013872432 0.142312691 0.071789324 0.015294810 0.999843299 -0.008905660 -0.004118090 -0.142166883 0.010990797 0.989781678 0.655763030
0.989485621 -0.013197160 0.144027844 0.078291133 0.014636570 0.999852836 -0.008938947 -0.004453424 -0.143888697 0.010953032 0.989533246 0.701874495
0.989430785 -0.015234577 0.144203410 0.085192353 0.016885150 0.999805093 -0.010229191 -0.004550545 -0.144019470 0.012555973 0.989495218 0.745050550
0.989520609 -0.015364124 0.143572122 0.093033612 0.017023642 0.999801636 -0.010337437 -0.004974163 -0.143384814 0.012673227 0.989585876 0.793419480
0.989520669 -0.015150489 0.143593997 0.098707549 0.017075974 0.999779940 -0.012186273 -0.005360100 -0.143377796 0.014510578 0.989561558 0.836160541
0.989710271 -0.015959499 0.142192870 0.106021345 0.017758051 0.999777496 -0.011388591 -0.006503202 -0.141979486 0.013796475 0.989773333 0.883751333
0.989869654 -0.014855176 0.141199768 0.112262890 0.016567074 0.999802709 -0.010956092 -0.006476314 -0.141009152 0.013184370 0.989920497 0.929134190
0.990065992 -0.015299024 0.139768302 0.119959399 0.017119685 0.999783397 -0.011833208 -0.006897280 -0.139557004 0.014108447 0.990113497 0.978702128
0.990211606 -0.015268374 0.138736784 0.126676217 0.017169358 0.999774218 -0.012515566 -0.007572761 -0.138514355 0.014775075 0.990250230 1.025627136
0.990359068 -0.016157100 0.137578458 0.134495482 0.018117614 0.999751210 -0.013009748 -0.008110346 -0.137334049 0.015376915 0.990405440 1.076139569
0.990512490 -0.016379401 0.136443093 0.141200423 0.018318919 0.999748051 -0.012971258 -0.008755758 -0.136196315 0.015347682 0.990562975 1.124191403
0.990589619 -0.017649116 0.135723084 0.148431063 0.019365875 0.999748170 -0.011338979 -0.009268422 -0.135488793 0.013860670 0.990681887 1.175318718
0.990681589 -0.020182066 0.134694770 0.155714855 0.021597600 0.999725819 -0.009056162 -0.009862831 -0.134475023 0.011880857 0.990845740 1.225216150
0.990736842 -0.021852305 0.134025812 0.162242219 0.023345511 0.999681592 -0.009579620 -0.010770159 -0.133773774 0.012619784 0.990931511 1.275819182
0.990823686 -0.023281861 0.133140713 0.169775024 0.025049899 0.999618709 -0.011619674 -0.011139885 -0.132819414 0.014848208 0.991029024 1.327758551
0.990896165 -0.022815960 0.132680848 0.176587403 0.024514787 0.999636889 -0.011184234 -0.012044178 -0.132377505 0.014335056 0.991095722 1.377745152
0.990915477 -0.022771798 0.132544518 0.184449226 0.024511633 0.999633312 -0.011509415 -0.012239873 -0.132233828 0.014653740 0.991110265 1.431820035
0.990908086 -0.022781515 0.132597685 0.190559387 0.024306800 0.999655545 -0.009895620 -0.013151214 -0.132326573 0.013028678 0.991120517 1.483302951
0.990896404 -0.024530372 0.132372484 0.197852105 0.026048798 0.999613106 -0.009751120 -0.014282300 -0.132082060 0.013110493 0.991152108 1.536023617
0.990912259 -0.026351893 0.131903380 0.206381902 0.027906947 0.999560952 -0.009954323 -0.014268772 -0.131583169 0.013544881 0.991212666 1.591758728
0.990840793 -0.025306918 0.132642582 0.212579921 0.027041877 0.999570489 -0.011294622 -0.014466574 -0.132299781 0.014778077 0.991099596 1.644417524
0.990753889 -0.024312267 0.133475706 0.219723612 0.026106479 0.999590516 -0.011708335 -0.015094615 -0.133136421 0.015084656 0.990982950 1.699470878
0.990683377 -0.023642398 0.134117082 0.227646083 0.025702337 0.999576509 -0.013648497 -0.015315135 -0.133737594 0.016968463 0.990871489 1.753657579
0.990442276 -0.022792991 0.136031240 0.235315159 0.024896178 0.999595046 -0.013779721 -0.016771182 -0.135662064 0.017034678 0.990608692 1.810805321
0.990012884 -0.023007099 0.139086917 0.239100114 0.024963053 0.999612212 -0.012334464 -0.018790029 -0.138749227 0.015683312 0.990203321 1.864632487
0.989988685 -0.022112854 0.139403716 0.249241620 0.024117300 0.999628305 -0.012705664 -0.018640123 -0.139070958 0.015940504 0.990154028 1.923327208
0.990018129 -0.019809345 0.139541104 0.257438451 0.021651784 0.999697089 -0.011697746 -0.019638814 -0.139267132 0.014602293 0.990147114 1.979598045
0.989775777 -0.019065415 0.141351953 0.266224474 0.021121439 0.999691665 -0.013059273 -0.019600220 -0.141059354 0.015911309 0.989873171 2.037282467
0.989493847 -0.018333526 0.143408865 0.275155783 0.020586452 0.999686778 -0.014241663 -0.020693684 -0.143102825 0.017044315 0.989561200 2.094405413
0.988928318 -0.017471578 0.147362188 0.284434080 0.019940589 0.999684274 -0.015293948 -0.021395037 -0.147048429 0.018063104 0.988964438 2.153199434
0.988144994 -0.016579241 0.152625695 0.293057024 0.019024234 0.999712825 -0.014573053 -0.022488967 -0.152340233 0.017303875 0.988176644 2.211137056
0.987350523 -0.014757367 0.157864347 0.301818073 0.017247383 0.999747336 -0.014414732 -0.022952013 -0.157611743 0.016955139 0.987355649 2.270110846
0.986671090 -0.013422210 0.162172854 0.311841488 0.016057272 0.999759257 -0.014948648 -0.024709508 -0.161933169 0.017353453 0.986649096 2.328310728
0.985770941 -0.012772924 0.167608470 0.320910156 0.015788201 0.999736369 -0.016669756 -0.025590152 -0.167351365 0.019078799 0.985712707 2.386283636
0.985024273 -0.012467192 0.171964467 0.332323372 0.015854042 0.999706149 -0.018335685 -0.027035724 -0.171685383 0.020787425 0.984932482 2.446573019
0.983839393 -0.010508341 0.178744733 0.340457231 0.014021642 0.999732316 -0.018403435 -0.028551677 -0.178503498 0.020612318 0.983723342 2.505229235
0.983273745 -0.009675787 0.181876794 0.353690803 0.013292887 0.999737144 -0.018679149 -0.029856618 -0.181648225 0.020784384 0.983143926 2.565698862
0.982134461 -0.007909225 0.188014552 0.364448428 0.011439627 0.999777853 -0.017699603 -0.031449370 -0.187832817 0.019534202 0.982006848 2.625614405
0.980971336 -0.006973902 0.194027171 0.376042366 0.010599355 0.999787927 -0.017653400 -0.032380629 -0.193862960 0.019374043 0.980837226 2.686012030
0.979840219 -0.006849802 0.199665055 0.389194638 0.010671043 0.999779820 -0.018068375 -0.033049420 -0.199497312 0.019834755 0.979697526 2.747204065
0.978721082 -0.007351843 0.205063343 0.401716650 0.011458822 0.999756694 -0.018847523 -0.035198674 -0.204874888 0.020796252 0.978567243 2.807604551
0.977373540 -0.007384311 0.211391032 0.413820505 0.011718307 0.999745905 -0.019256867 -0.036792375 -0.211195141 0.021298300 0.977211893 2.867678165
0.975990355 -0.005824024 0.217735887 0.427548170 0.010380110 0.999750257 -0.019786891 -0.037740003 -0.217566282 0.021571936 0.975807130 2.929782867
0.974545360 -0.005076394 0.224132881 0.440512657 0.009766829 0.999755800 -0.019823348 -0.039130975 -0.223977476 0.021507824 0.974357009 2.990251541
0.973252952 -0.004278264 0.229696304 0.454185069 0.009621870 0.999708354 -0.022148794 -0.039015770 -0.229534566 0.023766492 0.973010361 3.051339388
0.973362207 -0.000646367 0.229272097 0.478519380 0.006457152 0.999676645 -0.024595194 -0.038574234 -0.229182050 0.025420476 0.973051548 3.114554882
0.971704364 -0.004298053 0.236160949 0.489535481 0.010448017 0.999637902 -0.024796177 -0.040331289 -0.235968873 0.026561968 0.971397519 3.177501202
0.977722287 -0.009988938 0.209664851 0.524581671 0.016728923 0.999397993 -0.030397646 -0.039060291 -0.209234938 0.033227928 0.977300704 3.221017361
0.972326577 -0.008326365 0.233477339 0.526727736 0.016190428 0.999363542 -0.031786028 -0.040045939 -0.233064085 0.034686498 0.971842587 3.295350313
0.975131452 -0.009813988 0.221409664 0.549409032 0.019440968 0.998955727 -0.041343085 -0.037544511 -0.220772728 0.044619363 0.974304140 3.349079609
0.971593142 -0.008411606 0.236507908 0.560151815 0.016701262 0.999313533 -0.033068664 -0.044548191 -0.236067384 0.036079269 0.971066654 3.418667555
0.970722675 -0.006571984 0.240113035 0.576246023 0.015254791 0.999294460 -0.034320597 -0.046748430 -0.239718065 0.036978658 0.970138073 3.480820179
0.969859004 -0.005585320 0.243603289 0.592576265 0.014595403 0.999273896 -0.035197470 -0.049570829 -0.243229821 0.037692063 0.969236076 3.542728424
0.968805194 -0.005119891 0.247770503 0.609068513 0.014161374 0.999296606 -0.034722947 -0.052214503 -0.247418478 0.037148546 0.968196332 3.605198860
0.967554688 -0.006073338 0.252588749 0.624546647 0.015315904 0.999282360 -0.034641273 -0.055261783 -0.252197117 0.037385948 0.966953397 3.666657448
0.966226876 -0.005997026 0.257623106 0.640551805 0.015360243 0.999291897 -0.034347463 -0.058644690 -0.257234693 0.037144598 0.965634823 3.726323366
0.965177476 -0.005230118 0.261543542 0.657642484 0.014786109 0.999292493 -0.034582399 -0.061239034 -0.261177599 0.037245363 0.964571953 3.787010193
0.963968515 -0.005482628 0.265959769 0.674182177 0.015006362 0.999316275 -0.033790015 -0.063645579 -0.265592664 0.036563601 0.963391721 3.847934246
0.962758482 -0.005928842 0.270297974 0.691467166 0.015551595 0.999318719 -0.033472806 -0.066329136 -0.269915342 0.036429789 0.962194681 3.909169197
0.961943567 -0.006671517 0.273166716 0.708148718 0.016650295 0.999275327 -0.034228031 -0.068688065 -0.272740394 0.037473742 0.961357594 3.969532967
0.960428715 -0.006969819 0.278438747 0.726015806 0.017370371 0.999239683 -0.034903497 -0.071564242 -0.277983755 0.038358897 0.959819674 4.032259941
0.959386170 -0.006381175 0.282023937 0.744204760 0.017417369 0.999176621 -0.036642503 -0.074099272 -0.281557888 0.040066425 0.958707392 4.092833519
0.958874047 -0.006996382 0.283745557 0.763299823 0.018527377 0.999106884 -0.037975185 -0.076174155 -0.283226430 0.041670475 0.958147347 4.153543949
0.957206130 -0.005865420 0.289347559 0.781010151 0.017751643 0.999101937 -0.038472153 -0.079160698 -0.288862139 0.041962180 0.956450641 4.216820717
0.956204534 -0.006429445 0.292628646 0.799836338 0.018280230 0.999118924 -0.037781216 -0.082079917 -0.292127818 0.041475888 0.955479503 4.277828693
0.954779804 -0.005963387 0.297254026 0.818960547 0.018229282 0.999091923 -0.038509086 -0.084683195 -0.296754479 0.042186420 0.954021513 4.339978218
0.953673542 -0.007716548 0.300744295 0.838367760 0.020219009 0.999054670 -0.038481470 -0.087263659 -0.300163090 0.042779509 0.952928185 4.402226448
0.952625573 -0.010251706 0.303972512 0.859079838 0.022821499 0.999023616 -0.037827935 -0.090315655 -0.303287894 0.042972971 0.951929510 4.463612080
0.951862097 -0.011416500 0.306313932 0.879525840 0.023969630 0.999018371 -0.037250943 -0.093009219 -0.305588007 0.042799994 0.951201320 4.525848866
0.950921535 -0.010956786 0.309237897 0.899687588 0.023449719 0.999050796 -0.036711082 -0.095478937 -0.308542132 0.042160902 0.950275838 4.587795258
0.950051129 -0.009772657 0.311941594 0.920797646 0.022578850 0.999042749 -0.037467781 -0.098471984 -0.311276883 0.042639572 0.949362338 4.650254726
0.948941469 -0.008813817 0.315328926 0.941652358 0.022425396 0.998965383 -0.039564066 -0.101737410 -0.314653963 0.044615362 0.948157370 4.714181423
0.947996676 -0.006951005 0.318204194 0.962595105 0.021412978 0.998889148 -0.041973516 -0.103923686 -0.317558974 0.046604451 0.947092533 4.775356293
0.947185576 -0.006251843 0.320625156 0.985046268 0.021342056 0.998822212 -0.043572389 -0.106742650 -0.319975138 0.048113935 0.946203411 4.838123322
0.945662141 -0.004000896 0.325126201 1.005101442 0.019471385 0.998826563 -0.044343252 -0.110435396 -0.324567229 0.048264399 0.944630384 4.900500298
0.944160998 -0.005590735 0.329436988 1.026700974 0.021351455 0.998792648 -0.044242837 -0.113715492 -0.328791887 0.048806325 0.943140447 4.963555336
0.943028271 -0.004095973 0.332687467 1.050201535 0.019756388 0.998849154 -0.043703392 -0.116803497 -0.332125604 0.047786247 0.942023933 5.027279377
0.941768885 -0.003525139 0.336242616 1.072115660 0.019153181 0.998883903 -0.043173172 -0.119602792 -0.335715204 0.047099262 0.940785348 5.089518547
0.940230548 -0.004748209 0.340505242 1.095070601 0.020547464 0.998871922 -0.042808458 -0.123299152 -0.339917839 0.047246341 0.939267576 5.152590275
0.939016104 -0.002672478 0.343862832 1.117697835 0.018825335 0.998869777 -0.043644838 -0.125717849 -0.343357533 0.047456536 0.938005090 5.214859486
0.937579513 -0.003267698 0.347755969 1.141772509 0.019597672 0.998863339 -0.043451138 -0.130011290 -0.347218722 0.047554098 0.936577678 5.277534485
0.936240613 -0.002588169 0.351350367 1.164997816 0.019371042 0.998832226 -0.044260118 -0.133044541 -0.350825548 0.048244134 0.935197234 5.339779854
0.935216367 -0.003863459 0.354055345 1.188831806 0.021078963 0.998774469 -0.044780213 -0.136154115 -0.353448361 0.049342304 0.934151709 5.401563168
0.934258044 -0.005673792 0.356552422 1.213079214 0.022748904 0.998785079 -0.043714330 -0.139932781 -0.355871141 0.048951648 0.933252096 5.463305950
0.933232963 -0.007212657 0.359199435 1.237119198 0.024138505 0.998798013 -0.042658355 -0.142681733 -0.358460039 0.048480723 0.932285368 5.524955273
0.932188034 -0.007871195 0.361888647 1.261675596 0.025132349 0.998758256 -0.043015048 -0.145916119 -0.361100644 0.049193226 0.931228399 5.586846352
0.931107640 -0.007412025 0.364669263 1.285742760 0.025121914 0.998722434 -0.043844234 -0.149083734 -0.363878369 0.049984895 0.930104315 5.647968769
0.930204988 -0.006675428 0.366979897 1.310791731 0.024556514 0.998726249 -0.044077791 -0.152144149 -0.366218209 0.050013125 0.929184020 5.709104538
0.928760469 -0.005938075 0.370632917 1.332920909 0.024795961 0.998627365 -0.046136159 -0.153928608 -0.369850218 0.052039638 0.927632868 5.771062374
0.927445590 -0.005664794 0.373915434 1.357074976 0.025116481 0.998571098 -0.047169659 -0.158361852 -0.373113960 0.053138725 0.926262498 5.834296703
0.926236570 -0.003492931 0.376926512 1.379385948 0.023600843 0.998532474 -0.048742011 -0.160460904 -0.376203090 0.054042418 0.924959779 5.895654202
0.924836516 -0.004440104 0.380338818 1.404194117 0.024682390 0.998524964 -0.048361149 -0.165919513 -0.379563063 0.054113824 0.923581958 5.957159042
0.924193263 -0.006035622 0.381877422 1.434029222 0.025972812 0.998553634 -0.047075339 -0.170283034 -0.381040961 0.053425133 0.923013270 6.018630028
0.923438609 -0.007212447 0.383678377 1.461351395 0.026646383 0.998615324 -0.045360494 -0.174521774 -0.382819921 0.052111272 0.922352016 6.079276085
0.922216833 -0.006769577 0.386613965 1.488118649 0.026232090 0.998638511 -0.045087121 -0.178207159 -0.385782480 0.051721793 0.921138823 6.141840935
0.920577765 -0.005032060 0.390526831 1.511497617 0.025194947 0.998599410 -0.046524066 -0.180278242 -0.389745742 0.052668326 0.919415176 6.203763485
0.919079661 -0.003520064 0.394056052 1.538045287 0.023730148 0.998639882 -0.046426442 -0.183999449 -0.393356651 0.052020606 0.917913020 6.265525818
0.917075157 -0.003366044 0.398700088 1.561816454 0.023438951 0.998690248 -0.045481920 -0.188248068 -0.398024738 0.051055450 0.915952861 6.328430176
0.915921390 -0.001924428 0.401352912 1.591266036 0.022398498 0.998675108 -0.046326790 -0.191202253 -0.400732011 0.051421400 0.914751172 6.387932777
0.914174378 -0.001922507 0.405316442 1.618375778 0.022628834 0.998671174 -0.046301469 -0.194420367 -0.404688865 0.051499452 0.913003087 6.449301243
0.912325144 -0.000449996 0.409466296 1.644919395 0.021256711 0.998702943 -0.046264179 -0.197280556 -0.408914387 0.050911874 0.911151528 6.510214806
0.910425425 0.000130480 0.413673162 1.671880841 0.020775758 0.998723567 -0.046038974 -0.202097461 -0.413151175 0.050509430 0.909260571 6.571659088
0.908507228 0.000085673 0.417869091 1.699391007 0.021200852 0.998702645 -0.046298441 -0.206970826 -0.417330980 0.050921649 0.907326698 6.633608818
0.907095194 -0.000485191 0.420925349 1.727673650 0.022102296 0.998674631 -0.046479359 -0.209842399 -0.420344859 0.051464614 0.905903697 6.692988396
0.905389607 -0.000067388 0.424581677 1.756763816 0.022120709 0.998649299 -0.047012307 -0.213775963 -0.424005061 0.051956497 0.904168248 6.753752232
0.903825223 0.001432003 0.427899361 1.785458207 0.021149160 0.998622775 -0.048014037 -0.216670170 -0.427378803 0.052446011 0.902550161 6.813070774
0.901738107 0.000775739 0.432281911 1.814126730 0.022051468 0.998613894 -0.047791313 -0.220796794 -0.431719750 0.052627705 0.900471151 6.876350403
0.898591995 0.001725672 0.438781768 1.837288499 0.022643894 0.998477399 -0.050299879 -0.219771028 -0.438200504 0.055134796 0.897184730 6.940293312
0.895904243 0.002239556 0.444241315 1.861911058 0.023234662 0.998382449 -0.051890645 -0.220621735 -0.443638861 0.056810852 0.894403160 7.001585960
0.896091521 -0.001804137 0.443865657 1.899956346 0.026999056 0.998361647 -0.050448708 -0.230401158 -0.443047374 0.057190616 0.894672155 7.057198524
0.894585490 -0.003884823 0.446879864 1.929709196 0.029120099 0.998343825 -0.049615208 -0.236031830 -0.445946991 0.057398230 0.893217087 7.116222382
0.892824173 -0.003482097 0.450391859 1.957997441 0.030291604 0.998170257 -0.052330770 -0.236768052 -0.449385554 0.060365267 0.891296148 7.176416397
0.891454875 -0.003893425 0.453092724 1.989834905 0.031729568 0.998044729 -0.053851388 -0.240964487 -0.451997131 0.062382512 0.889835358 7.237831116
0.890191376 -0.004865146 0.455560535 2.022111893 0.033286385 0.997965038 -0.054385766 -0.244116008 -0.454368949 0.063577712 0.888541818 7.297387123
0.888783574 -0.005529913 0.458293647 2.055661678 0.033943474 0.997975469 -0.053785808 -0.251327842 -0.457068354 0.063360028 0.887171865 7.360209942
0.886517525 -0.004774464 0.462670386 2.083960056 0.033710621 0.997955739 -0.054294270 -0.254260242 -0.461465418 0.063729718 0.884866238 7.418765545
0.884850264 -0.005703475 0.465840727 2.115417004 0.035911817 0.997784853 -0.055997118 -0.256750166 -0.464489490 0.066278242 0.883095026 7.479546070
0.883002281 -0.003692081 0.469354123 2.148630142 0.033924099 0.997855783 -0.055972416 -0.262289494 -0.468141139 0.065346196 0.881234229 7.540349007
0.882143915 -0.002366379 0.470973909 2.182748318 0.033067863 0.997830808 -0.056923240 -0.265572608 -0.469817609 0.065788597 0.880308628 7.598975182
0.880109012 -0.003154973 0.474761039 2.214605808 0.033760715 0.997862399 -0.055954225 -0.270434797 -0.473569572 0.065274097 0.878334284 7.660535812
0.877609968 -0.003433429 0.479363084 2.243311882 0.035153206 0.997743070 -0.057211585 -0.271471262 -0.478084743 0.067060597 0.875749946 7.723389149
0.877499402 -0.006144138 0.479538530 2.279659033 0.036979377 0.997807682 -0.054883398 -0.278404593 -0.478150189 0.065893188 0.875802815 7.781143665
0.876552701 -0.006922490 0.481256187 2.313103914 0.037738759 0.997806668 -0.054384131 -0.282224268 -0.479824215 0.065832578 0.874891281 7.841139793
0.875515997 -0.006606415 0.483143926 2.349839211 0.037007485 0.997886300 -0.053417187 -0.287115932 -0.481769830 0.064647548 0.873909891 7.903175354
0.873527825 -0.007608516 0.486714691 2.382325172 0.038492694 0.997826397 -0.053486083 -0.290208519 -0.485249847 0.065456547 0.871922076 7.965594769
0.873146236 -0.009397947 0.487367690 2.418549061 0.039864112 0.997841835 -0.052177295 -0.294859707 -0.485825598 0.064986892 0.871636510 8.024544716
0.871115088 -0.007099004 0.491027415 2.450245857 0.038111586 0.997857034 -0.053186022 -0.298363447 -0.489597678 0.065044984 0.869518936 8.086344719
0.869400620 -0.005410459 0.494078249 2.482700348 0.038259052 0.997675121 -0.056397080 -0.301639110 -0.492624313 0.067934617 0.867586374 8.145812988
0.868509054 -0.004503580 0.495652854 2.523147583 0.037415255 0.997701526 -0.056495704 -0.306832194 -0.494259208 0.067612015 0.866681218 8.209059715
0.865341544 -0.002092338 0.501178205 2.556145668 0.034555845 0.997860610 -0.055498723 -0.310062855 -0.499989837 0.065343991 0.863562524 8.269799232
0.862370253 -0.002196341 0.506273329 2.591969013 0.034002151 0.997983992 -0.053588692 -0.314389199 -0.505135059 0.063427687 0.860706270 8.331373215
0.859969676 -0.001246914 0.510343671 2.630532742 0.031932354 0.998169005 -0.051369753 -0.319821298 -0.509345174 0.060472909 0.858434856 8.394132614
0.857178152 -0.002436406 0.515014231 2.664356232 0.033997837 0.998075306 -0.051863596 -0.322705448 -0.513896644 0.061965711 0.855611205 8.453002930
0.854755044 -0.004258184 0.519014120 2.702482700 0.036637940 0.997966945 -0.052150678 -0.326879650 -0.517736852 0.063591659 0.853173375 8.514665604
0.851883471 -0.005237502 0.523705184 2.739354134 0.038017835 0.997930348 -0.051861443 -0.331246108 -0.522349656 0.064090051 0.850319505 8.577054977
0.849094272 -0.003987621 0.528226376 2.776164055 0.037272796 0.997931302 -0.052380465 -0.333396167 -0.526924849 0.064164430 0.847486436 8.639795303
0.846690714 -0.006526416 0.532045305 2.815452576 0.038869079 0.998011887 -0.049613532 -0.338700652 -0.530663729 0.062687419 0.845261097 8.699267387
0.844036996 -0.007108523 0.536237895 2.852066994 0.039525609 0.998017311 -0.048983190 -0.341701567 -0.534826458 0.062538758 0.842644393 8.759210587
0.841484547 -0.005661819 0.540251553 2.893674850 0.037147753 0.998185039 -0.047399595 -0.347554803 -0.539002597 0.059955157 0.840167582 8.821356773
0.838890493 -0.005943717 0.544267654 2.932140112 0.037507579 0.998194754 -0.046910293 -0.351518810 -0.543006301 0.059766769 0.837598979 8.881269455
0.835954964 -0.007884254 0.548741460 2.975731373 0.039219387 0.998198509 -0.045404978 -0.356024653 -0.547394931 0.059477814 0.834758162 8.946592331
0.833231807 -0.008801241 0.552853584 3.016580820 0.040420413 0.998167694 -0.045029033 -0.359653473 -0.551444292 0.059866201 0.832060874 9.008684158
0.830766976 -0.008297523 0.556558549 3.062008619 0.039583292 0.998238087 -0.044203062 -0.364132881 -0.555211127 0.058752868 0.829631686 9.074949265
0.828710258 -0.006369669 0.559641659 3.104891062 0.037869595 0.998281777 -0.044714682 -0.366877615 -0.558395147 0.058248911 0.827527642 9.139539719
0.827452183 -0.010196375 0.561443567 3.150682926 0.040723007 0.998292089 -0.041887350 -0.372505546 -0.560057580 0.057523452 0.826454222 9.202946663
0.825653136 -0.007339264 0.564130366 3.195425749 0.038417194 0.998325884 -0.043238770 -0.375935912 -0.562868595 0.057372525 0.824552834 9.267726898
0.824390471 -0.002043968 0.566017985 3.241435528 0.033651292 0.998401642 -0.045406871 -0.379887015 -0.565020502 0.056480225 0.823141456 9.334721565
0.821716607 -0.000294286 0.569896281 3.285187483 0.031908754 0.998454928 -0.045492701 -0.384539634 -0.569002330 0.055566784 0.820456386 9.398082733
0.819658220 0.000467830 0.572852671 3.330767870 0.029670762 0.998622775 -0.043269537 -0.388646156 -0.572083950 0.052463215 0.818515480 9.463291168
0.817866087 -0.001527126 0.575406611 3.376949310 0.031426951 0.998622358 -0.042018995 -0.392524302 -0.574549794 0.052449189 0.816787362 9.528022766
0.815964162 -0.000302788 0.578102350 3.422642946 0.030169025 0.998659492 -0.042059101 -0.396333128 -0.577314734 0.051759504 0.814879537 9.591542244
0.813773274 0.001138420 0.581181407 3.468076229 0.028818280 0.998689055 -0.042307742 -0.400136650 -0.580467582 0.051177561 0.812673509 9.654786110
0.811827779 0.001223512 0.583895624 3.513359070 0.026835022 0.998862922 -0.039403498 -0.403841704 -0.583279967 0.047657710 0.810871899 9.717449188
0.810011089 0.002765341 0.586408079 3.559724808 0.024112379 0.998986125 -0.038017605 -0.407669216 -0.585918665 0.044934373 0.809123158 9.780911446
0.807515085 0.002585852 0.589841247 3.604087353 0.024158219 0.999006331 -0.037453152 -0.411081970 -0.589352012 0.044493493 0.806650221 9.842261314
0.806032956 0.002075911 0.591867030 3.649581432 0.025314277 0.998957992 -0.037977938 -0.414179325 -0.591329038 0.045594152 0.805140436 9.903257370
0.803440154 0.002159184 0.595381439 3.696500778 0.025116425 0.998980343 -0.037516341 -0.417742848 -0.594855487 0.045095984 0.802566826 9.967266083
0.801432967 0.003041330 0.598076701 3.742510319 0.023737984 0.999037445 -0.036889598 -0.421297073 -0.597613156 0.043761682 0.800589442 10.029689789
0.798926592 0.004959434 0.601408064 3.786353111 0.021907069 0.999062359 -0.037340567 -0.424325168 -0.601029456 0.043007456 0.798068821 10.088622093
0.796743810 0.015312402 0.604123235 3.829583883 0.010813626 0.999157608 -0.039586607 -0.428903788 -0.604220569 0.038073141 0.795906961 10.148173332
0.793657184 0.026920766 0.607769310 3.876636028 0.003915503 0.998773694 -0.049353130 -0.432804167 -0.608352661 0.041549191 0.792578518 10.209497452
0.792321503 0.021956095 0.609708488 3.922775745 0.014501117 0.998392165 -0.054797240 -0.437733471 -0.609931350 0.052258484 0.790729344 10.269212723
0.790821910 0.013489960 0.611897647 3.967703342 0.021416912 0.998534799 -0.049693208 -0.442462087 -0.611671507 0.052403431 0.789374352 10.326414108
0.791908860 0.006867777 0.610600710 4.011336327 0.019947896 0.999112129 -0.037108701 -0.447117329 -0.610313356 0.041566908 0.791068733 10.380483627
0.786549091 0.007181347 0.617486000 4.060727596 0.014572773 0.999438047 -0.030186132 -0.448946685 -0.617355764 0.032741357 0.786002457 10.445964813
0.784050584 0.010927458 0.620600700 4.107284546 0.007705273 0.999596536 -0.027335407 -0.451502919 -0.620649040 0.026214238 0.783650160 10.506887436
0.781771183 0.010151318 0.623482883 4.153991699 0.008541781 0.999599338 -0.026985459 -0.453979909 -0.623506904 0.026422108 0.781371117 10.563243866
0.780359209 0.007771647 0.625283241 4.200627327 0.013173357 0.999496579 -0.028863212 -0.456878722 -0.625192821 0.030760756 0.779863954 10.620659828
0.778065443 0.006320398 0.628151417 4.247339725 0.019065393 0.999251127 -0.033669878 -0.459588051 -0.627893806 0.038173329 0.777362287 10.677482605
0.776302278 0.007036940 0.630321443 4.292998314 0.020514427 0.999125957 -0.036419794 -0.462805092 -0.630026937 0.041203458 0.775479496 10.734444618
0.774196863 0.007788874 0.632897079 4.339209557 0.020224558 0.999109209 -0.037035599 -0.465429515 -0.632621765 0.041472904 0.773349702 10.788694382
0.771478355 0.006113526 0.636226177 4.389925003 0.021124491 0.999156415 -0.035216179 -0.469356537 -0.635904789 0.040608481 0.770698428 10.850123405
0.769630134 0.004144507 0.638476610 4.432963848 0.022270054 0.999196291 -0.033330709 -0.472739160 -0.638101578 0.039871227 0.768919170 10.902320862
0.767475665 0.004843592 0.641059816 4.477662563 0.021979183 0.999184787 -0.033862889 -0.474933505 -0.640701234 0.040078908 0.766743541 10.951361656
0.766844451 0.005640350 0.641808212 4.531467915 0.021141715 0.999196827 -0.034041680 -0.477528989 -0.641484737 0.039673604 0.766109347 11.013051987
0.765788913 0.004619128 0.643075466 4.568435669 0.022440150 0.999173343 -0.033899184 -0.481046200 -0.642700493 0.040390320 0.765052199 11.053385735
0.761769593 0.003829615 0.647836626 4.591547012 0.022273473 0.999236524 -0.032097515 -0.482365698 -0.647465050 0.038880490 0.761102676 11.087604523
0.759962142 -0.001124840 0.649966300 4.630767822 0.025350560 0.999288917 -0.027911335 -0.484662682 -0.649472654 0.037688572 0.759450316 11.133731842
0.758126616 -0.001674701 0.652105212 4.665565968 0.025889980 0.999285579 -0.027532944 -0.486182272 -0.651593268 0.037756447 0.757628322 11.173510551
0.756734610 0.000669438 0.653721869 4.700442791 0.023946010 0.999300063 -0.028742716 -0.488295019 -0.653283477 0.037404634 0.756188810 11.213526726
0.754049361 0.006059450 0.656789899 4.734482765 0.020479996 0.999254286 -0.032731719 -0.489764094 -0.656498432 0.038132381 0.753362894 11.251025200
0.750636458 0.009056346 0.660653353 4.773110390 0.017857032 0.999262750 -0.033987284 -0.492410600 -0.660474062 0.037309397 0.749921322 11.298449516
0.748592913 0.007346126 0.662989199 4.809358120 0.019020990 0.999289155 -0.032549374 -0.495900154 -0.662756979 0.036976941 0.747920990 11.337402344
0.746189773 0.010634505 0.665648341 4.843101025 0.015459911 0.999325931 -0.033295896 -0.497317672 -0.665553749 0.035135925 0.745522439 11.376893997
0.744668603 0.014117769 0.667285264 4.878799915 0.012073510 0.999327719 -0.034616441 -0.499797016 -0.667325377 0.033834249 0.743997455 11.413061142
0.741956949 0.013406746 0.670313537 4.920746803 0.013110192 0.999318719 -0.034498502 -0.501479030 -0.670319378 0.034384336 0.741275728 11.451881409
0.740307510 0.011533324 0.672169447 4.957989216 0.013244946 0.999408543 -0.031735800 -0.504448056 -0.672137916 0.032397099 0.739716887 11.497738838
0.739338338 0.007896442 0.673287690 4.992295742 0.014757655 0.999501050 -0.027927740 -0.505038381 -0.673172414 0.030584197 0.738852978 11.531928062
0.739453733 -0.000215806 0.673207283 5.030145168 0.019224901 0.999598920 -0.020796273 -0.509033263 -0.672932804 0.028320225 0.739161253 11.564520836
0.737780213 -0.006598198 0.675008655 5.078389168 0.024087446 0.999572694 -0.016556622 -0.509812593 -0.674611092 0.028474389 0.737623870 11.618581772
0.736946762 -0.000198219 0.675950706 5.121680260 0.016494174 0.999707460 -0.017689407 -0.512681127 -0.675749600 0.024185399 0.736734450 11.662937164
0.736057639 0.010026477 0.676844537 5.164246559 0.008720573 0.999666989 -0.024292110 -0.512131274 -0.676862657 0.023782872 0.735724866 11.703111649
0.736076295 0.014966459 0.676733077 5.199913502 0.004000752 0.999641836 -0.026459409 -0.514426291 -0.676886737 0.022183590 0.735752821 11.747952461
0.736186445 0.017241620 0.676559031 5.242799759 0.002157186 0.999610484 -0.027821656 -0.516793847 -0.676775277 0.021941394 0.735862613 11.790702820
0.737574816 0.013580081 0.675128818 5.269155025 0.005821142 0.999632776 -0.026466981 -0.519715190 -0.675240278 0.023451401 0.737224936 11.818497658
0.740314901 0.013869421 0.672116935 5.292931557 0.004862298 0.999650538 -0.025983877 -0.520280182 -0.672242522 0.022504289 0.739988983 11.845668793
0.742131054 0.017468236 0.670027018 5.335903168 0.002745114 0.999572694 -0.029100332 -0.522288322 -0.670249104 0.023435567 0.741766155 11.882793427
0.742083013 0.022006381 0.669946551 5.359158516 -0.003411248 0.999571919 -0.029055351 -0.522981286 -0.670299292 0.019276131 0.741840541 11.905644417
0.741500199 0.028937079 0.670328319 5.390772820 -0.014525563 0.999527693 -0.027080320 -0.524062634 -0.670795381 0.010343165 0.741570354 11.934508324
0.742028713 0.035323352 0.669436812 5.393445492 -0.021285530 0.999348760 -0.029137729 -0.524224460 -0.670030236 0.007371711 0.742297292 11.942834854
0.742508054 0.035556357 0.668892682 5.403707504 -0.020833984 0.999332905 -0.029994698 -0.525147140 -0.669513226 0.008335602 0.742753565 11.953290939
0.744970739 0.034273796 0.666216016 5.400333881 -0.020726200 0.999386370 -0.028237596 -0.524903595 -0.666775107 0.007228053 0.745223939 11.948883057
0.749086499 0.031531852 0.661721349 5.379974365 -0.018991036 0.999478221 -0.026128013 -0.523296475 -0.662200093 0.007005360 0.749294400 11.922487259
0.751485884 0.031825129 0.658981144 5.362828255 -0.020400491 0.999479115 -0.025005080 -0.522522569 -0.659433722 0.005347425 0.751743674 11.902072906
0.757555485 0.036364764 0.651757181 5.339137077 -0.024232458 0.999325514 -0.027591284 -0.521704376 -0.652320981 0.005108251 0.757925689 11.871454239
0.758668423 0.036274608 0.650466323 5.332511902 -0.023259817 0.999320269 -0.028600197 -0.521953821 -0.651061594 0.006568340 0.758996367 11.866961479
0.757412434 0.035282299 0.651982784 5.329101086 -0.020030754 0.999324560 -0.030808982 -0.518837333 -0.652629435 0.010275402 0.757607579 11.846578598
0.758212566 0.032397341 0.651202023 5.338036060 -0.016856471 0.999405026 -0.030093992 -0.517833173 -0.651789486 0.011840673 0.758307457 11.846846581
0.759032011 0.030904410 0.650319338 5.345016956 -0.015906692 0.999454796 -0.028930211 -0.517361403 -0.650858879 0.011614525 0.759109795 11.852199554
0.759771764 0.030113954 0.649492085 5.347707748 -0.015852856 0.999487817 -0.027797073 -0.518663108 -0.649996459 0.010823127 0.759860098 11.857728958
0.761602342 0.031899448 0.647259116 5.355606079 -0.017591259 0.999437332 -0.028557273 -0.518190920 -0.647805870 0.010363181 0.761734962 11.864033699
0.761716962 0.031323474 0.647152305 5.360284328 -0.018051395 0.999468923 -0.027129292 -0.518921852 -0.647658408 0.008982837 0.761877835 11.870923042
0.761702776 0.029349755 0.647261500 5.361233711 -0.016869271 0.999533236 -0.025471445 -0.520003855 -0.647706985 0.008482842 0.761842251 11.875940323
0.761614203 0.031677343 0.647256017 5.363374710 -0.018552158 0.999460995 -0.027084613 -0.520193756 -0.647765100 0.008620027 0.761791348 11.878651619
0.762719572 0.031924874 0.645941019 5.364243031 -0.017103899 0.999427319 -0.029199433 -0.520247042 -0.646503270 0.011222865 0.762828648 11.879213333
0.763255656 0.030350666 0.645383418 5.369331360 -0.016166532 0.999480426 -0.027883738 -0.520390630 -0.645894289 0.010848809 0.763349593 11.885077477
0.762047648 0.029919544 0.646829426 5.371632576 -0.017182553 0.999514520 -0.025989998 -0.520923257 -0.647292912 0.008691435 0.762191713 11.889201164
0.762090087 0.031988893 0.646680355 5.374762058 -0.019412838 0.999458611 -0.026562188 -0.520540237 -0.647179842 0.007688882 0.762298524 11.893424034
0.759037197 0.031806499 0.650269866 5.375551224 -0.019921778 0.999472916 -0.025632994 -0.521287620 -0.650742412 0.006501867 0.759270728 11.898223877
0.757245481 0.031604044 0.652365267 5.377635002 -0.019465122 0.999476969 -0.025825465 -0.521652579 -0.652840436 0.006857848 0.757464468 11.902818680
0.756518543 0.031082733 0.653233349 5.380220890 -0.018852757 0.999491215 -0.025725055 -0.521923900 -0.653700590 0.007146230 0.756719530 11.906096458
0.755272627 0.030354952 0.654707551 5.382184982 -0.019169535 0.999522746 -0.024227971 -0.522092462 -0.655130386 0.005748285 0.755493879 11.909416199
0.754966438 0.030565355 0.655050814 5.384805679 -0.019724404 0.999519587 -0.023905639 -0.522070289 -0.655466795 0.005127469 0.755206585 11.912814140
0.753334343 0.029362502 0.656981945 5.386477470 -0.019655872 0.999561846 -0.022134839 -0.522725463 -0.657343984 0.003761382 0.753581345 11.916846275
0.754327595 0.031195158 0.655756652 5.391091824 -0.021319188 0.999507487 -0.023024010 -0.522709072 -0.656151950 0.003387445 0.754621208 11.920667648
0.754567921 0.031247308 0.655477643 5.394640923 -0.020861957 0.999503016 -0.023631655 -0.522744417 -0.655890346 0.004157136 0.754844785 11.924044609
0.755909324 0.031974643 0.653895199 5.398528576 -0.021182509 0.999478161 -0.024386028 -0.522713602 -0.654333711 0.004582481 0.756192088 11.927518845
0.754480362 0.031115508 0.655584693 5.400762081 -0.020645341 0.999506414 -0.023679089 -0.523169756 -0.655997872 0.004330638 0.754750311 11.931837082
0.754956782 0.031952195 0.654995680 5.404239655 -0.021310015 0.999480128 -0.024194732 -0.523221135 -0.655428290 0.004308010 0.755245149 11.935338020
0.755441248 0.032888263 0.654390514 5.407290459 -0.022281462 0.999451280 -0.024508130 -0.523583889 -0.654837370 0.003933674 0.755759478 11.938729286
0.755201459 0.032480851 0.654687583 5.410970688 -0.022255853 0.999466240 -0.023913490 -0.523816168 -0.655114830 0.003488873 0.755521417 11.942771912
0.756134868 0.031657208 0.653649747 5.414584160 -0.022076162 0.999494672 -0.022869529 -0.523761749 -0.654043436 0.002862374 0.756451607 11.946084023
0.757224143 0.030622829 0.652436852 5.418052673 -0.021464905 0.999527454 -0.022001537 -0.523825109 -0.652802169 0.002655601 0.757523775 11.949427605
0.755688369 0.031671468 0.654165149 5.420442104 -0.022353210 0.999495387 -0.022568347 -0.524098456 -0.654549778 0.002431950 0.756015003 11.953470230
0.754972577 0.031523108 0.654998243 5.422484398 -0.021696746 0.999497831 -0.023094466 -0.524295092 -0.655397296 0.003224361 0.755277514 11.957325935
0.753580451 0.031907354 0.656580806 5.424471855 -0.022639396 0.999488533 -0.022587365 -0.524332106 -0.656965733 0.002156809 0.753917456 11.961258888
0.754076421 0.030082820 0.656097293 5.428588390 -0.021798009 0.999546468 -0.020777114 -0.525003731 -0.656424701 0.001365917 0.754390299 11.965346336
0.754562557 0.030441154 0.655521691 5.432066917 -0.022362854 0.999536157 -0.020674918 -0.525107682 -0.655847013 0.000941185 0.754893303 11.968369484
0.754137516 0.031174080 0.655976236 5.434505463 -0.023091342 0.999513745 -0.020953311 -0.525154293 -0.656310558 0.000654304 0.754490614 11.971034050
0.754926860 0.031613797 0.655046701 5.438091278 -0.023764201 0.999500155 -0.020850061 -0.525095999 -0.655378282 0.000173611 0.755300760 11.973109245
0.756131947 0.029755278 0.653742373 5.442236900 -0.023683924 0.999555528 -0.018101757 -0.525392175 -0.653990507 -0.001795871 0.756500661 11.976345062
0.756727993 0.030699097 0.653008580 5.445194244 -0.024780845 0.999525964 -0.018272620 -0.525155544 -0.653259993 -0.002354705 0.757130027 11.977890015
0.756290793 0.031920344 0.653456450 5.448741913 -0.024658892 0.999490142 -0.020284103 -0.525467634 -0.653770864 -0.000772832 0.756692290 11.981870651
0.756249428 0.033200361 0.653440475 5.452015877 -0.024255900 0.999447942 -0.022708289 -0.525417447 -0.653833628 0.001323342 0.756637096 11.984710693
0.756543815 0.032917686 0.653113961 5.455070972 -0.023348227 0.999455154 -0.023327928 -0.525449157 -0.653526127 0.002399546 0.756900191 11.987107277
0.756416976 0.031164080 0.653346777 5.457927704 -0.023315176 0.999514163 -0.020682655 -0.525415838 -0.653674006 0.000411817 0.756776035 11.989670753
0.756903350 0.027484266 0.652948678 5.461236000 -0.020871771 0.999622226 -0.017881924 -0.525652170 -0.653193474 -0.000093309 0.757191002 11.992233276
0.757669985 0.029160444 0.651986122 5.464843750 -0.021645172 0.999574482 -0.019552782 -0.525574088 -0.652278841 0.000702209 0.757978737 11.995231628
0.757431090 0.029198948 0.652261853 5.467633247 -0.020191617 0.999569237 -0.021299131 -0.525307536 -0.652602792 0.002962402 0.757694364 11.997747421
0.758496642 0.030222317 0.650975823 5.471220970 -0.020402260 0.999535620 -0.022632550 -0.525272846 -0.651357472 0.003885336 0.758760989 12.000242233
0.759365499 0.028800998 0.650026560 5.474946976 -0.019530104 0.999578595 -0.021473547 -0.525654435 -0.650371075 0.003611186 0.759608030 12.002895355
0.759150386 0.026626572 0.650370359 5.477992535 -0.018236585 0.999640822 -0.019639108 -0.525402367 -0.650659740 0.003048502 0.759363174 12.004744530
0.759105563 0.027264129 0.650396347 5.480373383 -0.019394027 0.999626219 -0.019267980 -0.525431812 -0.650678515 0.002012627 0.759350538 12.006754875
