1.000000000000000000e+00 0.000000000000000000e+00 0.000000000000000000e+00 0.000000000000000000e+00 0.000000000000000000e+00 1.000000000000000000e+00 0.000000000000000000e+00 0.000000000000000000e+00 0.000000000000000000e+00 0.000000000000000000e+00 1.000000000000000000e+00 0.000000000000000000e+00
9.999963119607635509e-01 2.715356756910921026e-03 -5.387535570800280866e-05 3.636112999999999845e-03 -2.715272629176786971e-03 9.999951817881510552e-01 1.504558085279359119e-03 -1.388443600000000000e-02 5.796050808815383964e-05 -1.504406250131365939e-03 9.999988667005649257e-01 8.019976020000000316e-01
9.999864951707790883e-01 5.193796371709362598e-03 1.842696682502425022e-04 -5.794038999999999960e-03 -5.194143960224801605e-03 9.999846307908443199e-01 1.938827124663339719e-03 -2.981891500000000139e-02 -1.741969628857219449e-04 -1.939758064318526827e-03 9.999981034952366565e-01 1.591292023999999916e+00
9.999795607128176833e-01 6.393297904008082844e-03 6.243805509696441307e-05 4.851216000000000209e-03 -6.393382004027212129e-03 9.999785033314056992e-01 1.455177526093373065e-03 -4.150971800000000100e-02 -5.313332945925388566e-05 -1.455546973639839595e-03 9.999989392793657839e-01 2.371469975000000119e+00
9.999634095866906103e-01 8.530156432105168163e-03 6.449178273906351231e-04 -1.113248600000000046e-02 -8.530900300397496056e-03 9.999629388292132770e-01 1.159615499896980489e-03 -5.966575400000000140e-02 -6.350022243656758486e-04 -1.165074798773978052e-03 9.999991196860565923e-01 3.155737400000000026e+00
9.999611505346044371e-01 8.747739807288190325e-03 1.083729566880888007e-03 -1.215567099999999984e-02 -8.748995504601503673e-03 9.999610546643862286e-01 1.159410259042078627e-03 -7.691403500000000559e-02 -1.073545141393190527e-03 -1.168846761682185501e-03 9.999987406482455654e-01 3.879028558999999987e+00
9.999580243454310180e-01 9.069283673497409784e-03 1.302935467326335472e-03 -1.242947699999999954e-02 -9.071881339773846600e-03 9.999568459077730065e-01 2.001821953976190560e-03 -8.944109799999999666e-02 -1.284724149164567526e-03 -2.013558002142309261e-03 9.999971475299479495e-01 4.622591496000000078e+00
9.999470426354567509e-01 1.011456712155207535e-02 1.899330552482861615e-03 -1.315745200000000004e-02 -1.012381124056045342e-02 9.999366382395349362e-01 4.922189775174312318e-03 -1.039106550000000045e-01 -1.849424388689333227e-03 -4.941157572972802725e-03 9.999860821987821557e-01 5.308857918000000176e+00
9.999460663413864969e-01 9.742056883181042862e-03 3.599546648175007066e-03 -1.862550500000000053e-02 -9.774015321185930763e-03 9.999119983114341803e-01 8.970187140501508991e-03 -1.159935670000000058e-01 -3.511841808616351750e-03 -9.004885369579161344e-03 9.999532884123097931e-01 5.984672070000000232e+00
9.999503965072170653e-01 8.790555066629643019e-03 4.683018970702836417e-03 -1.457649800000000023e-02 -8.847682849429555282e-03 9.998849469839775628e-01 1.232117295732677344e-02 -1.248197850000000025e-01 -4.574170225879317653e-03 -1.236199565074354821e-02 9.999131252415260906e-01 6.662692546999999799e+00
9.999533876966566481e-01 7.996269049283086586e-03 5.411295156558379969e-03 -5.962513000000000014e-03 -8.075218677101510603e-03 9.998589181438621853e-01 1.472870162311102835e-02 -1.322232479999999877e-01 -5.292757060068574611e-03 -1.477171247611866814e-02 9.998768840378429168e-01 7.301248550000000392e+00
9.999404659404791396e-01 8.610621034489765804e-03 6.702371232476284253e-03 -3.577265999999999953e-03 -8.709346719671292800e-03 9.998519074421996500e-01 1.484285902080985896e-02 -1.451073740000000112e-01 -6.573572427080586790e-03 -1.490034864006504166e-02 9.998673750832909324e-01 7.899690150999999716e+00
9.999236362271175516e-01 9.363378847426778381e-03 8.065286783405197987e-03 -5.705130000000000314e-04 -9.459574523669423904e-03 9.998835784564884532e-01 1.197271827441277227e-02 -1.524723319999999882e-01 -7.952242713232174701e-03 -1.204809817385606684e-02 9.998957971539949030e-01 8.494305610999999701e+00
9.999192475115925571e-01 9.348342478231389321e-03 8.608539293063714043e-03 9.924426999999999555e-03 -9.426328479622674353e-03 9.999144943175756195e-01 9.063574627116415677e-03 -1.557485160000000035e-01 -8.523073814345489413e-03 -9.143989640017568393e-03 9.999218692809045406e-01 9.034811974000000134e+00
9.999202009504738475e-01 7.193473108409329832e-03 1.038487726469179868e-02 1.944927899999999987e-02 -7.271447361120084683e-03 9.999455091509089621e-01 7.490312557156280152e-03 -1.615663469999999990e-01 -1.033043002195845571e-02 -7.565227925715463375e-03 9.999180214107521447e-01 9.556052208000000547e+00
9.999201322331333630e-01 3.382405870734640427e-03 1.217737596523404270e-02 3.591907800000000012e-02 -3.440734226321729566e-03 9.999826938856297698e-01 4.772135499208076184e-03 -1.641267240000000016e-01 -1.216102392304439436e-02 -4.813653473672938748e-03 9.999144654606105798e-01 1.003162097899999949e+01
9.999041707039955096e-01 1.787761714043214437e-03 1.372783001092046581e-02 4.476754399999999939e-02 -1.841956326760497628e-03 9.999905568628841834e-01 3.936163353948161914e-03 -1.780579089999999864e-01 -1.372066345499496284e-02 -3.961072217526302036e-03 9.998980214508088604e-01 1.051753997800000029e+01
9.998569298920650938e-01 6.135090105539868673e-03 1.576326159812408562e-02 4.844881599999999872e-02 -6.167527333174782807e-03 9.999789605623329303e-01 2.009984893183127969e-03 -1.879654080000000005e-01 -1.575059850953380858e-02 -2.106917671193927078e-03 9.998737318004300434e-01 1.093762206999999975e+01
9.997582513461269471e-01 1.063306100570989704e-02 1.924517807096859379e-02 4.397693300000000277e-02 -1.066501661349302313e-02 9.999419124493151845e-01 1.558572372402813704e-03 -2.008270169999999966e-01 -1.922748777059438141e-02 -1.763445733486333072e-03 9.998135796103075901e-01 1.133153915399999967e+01
9.996910833722600920e-01 1.072736801937125735e-02 2.242011153794834510e-02 5.448684100000000113e-02 -1.078777866541186757e-02 9.999384940074234063e-01 2.575273506312681336e-03 -2.091420589999999913e-01 -2.239110666008176792e-02 -2.816341162430836993e-03 9.997453208517625978e-01 1.168923950199999950e+01
9.996584327164313999e-01 6.771134209550660511e-03 2.524221940409404272e-02 7.300409700000000390e-02 -6.844592164959704787e-03 9.999725854909525813e-01 2.824858338906867383e-03 -2.107920650000000007e-01 -2.522239990610610286e-02 -2.996666156877036795e-03 9.996773732234418564e-01 1.205057716399999990e+01
9.996099002843426007e-01 2.030304668049326064e-03 2.785543244111286093e-02 9.449380599999999963e-02 -2.106224052171921587e-03 9.999941465829965681e-01 2.696408720179896152e-03 -2.174529430000000096e-01 -2.784979486043942520e-02 -2.754026633695980369e-03 9.996083254272806196e-01 1.233290004700000075e+01
9.995440448806170997e-01 -1.454028893619559865e-03 3.015937903324993064e-02 1.103409830000000036e-01 1.331299750126040474e-03 9.999907536801487806e-01 4.089033526779160821e-03 -2.244973630000000053e-01 -3.016504574287979384e-02 -4.047017937238375426e-03 9.995367385249755987e-01 1.259950828600000072e+01
9.994598876925993025e-01 -1.968126245736031080e-03 3.280334392371953012e-02 1.206757130000000039e-01 1.798376533677450940e-03 9.999848447570249821e-01 5.203469814639127486e-03 -2.299792170000000135e-01 -3.281308786658305998e-02 -5.141666592612484724e-03 9.994482800672130907e-01 1.283926010100000070e+01
9.993896271642832563e-01 -1.220851174867988590e-03 3.491249975071591960e-02 1.301466520000000016e-01 1.068253930545789423e-03 9.999897969675553000e-01 4.389167839972913515e-03 -2.370812589999999886e-01 -3.491750205806236351e-02 -4.349193396068111797e-03 9.993807345385585794e-01 1.305002880099999985e+01
9.993201553081250132e-01 3.927543748603016952e-05 3.686767761040585928e-02 1.378770169999999906e-01 -1.400179105503169879e-04 9.999962638390343939e-01 2.729963911314570429e-03 -2.390163539999999864e-01 -3.686743264630094191e-02 -2.733270095026304417e-03 9.993164271864333204e-01 1.324256133999999996e+01
9.992102416766832640e-01 1.991424400309703240e-03 3.968535192337351025e-02 1.387963289999999961e-01 -2.078273438950751020e-03 9.999955349181255393e-01 2.147306062247941478e-03 -2.489857380000000120e-01 -3.968089852734066336e-02 -2.228087222230332783e-03 9.992099188455811909e-01 1.341679859199999925e+01
9.991481217924783609e-01 4.823859171281236376e-03 4.098488869398565076e-02 1.457138060000000013e-01 -4.889708436041330201e-03 9.999869103999512454e-01 1.506578962567729036e-03 -2.538331149999999981e-01 -4.097708469343875476e-02 -1.705699696778803466e-03 9.991586306080587621e-01 1.359350776700000019e+01
9.990685860743964142e-01 6.186774077743440077e-03 4.270461504120113411e-02 1.444399359999999910e-01 -6.205746591293310153e-03 9.999806955840200295e-01 3.117186937173104834e-04 -2.642024159999999955e-01 -4.270186212041427593e-02 -5.764423738095381545e-04 9.990876931909624670e-01 1.374279785200000070e+01
9.989922711507799313e-01 5.211045226882760062e-03 4.457899941284004103e-02 1.559858319999999909e-01 -5.139219046611938693e-03 9.999853051411422555e-01 -1.725667803353280773e-03 -2.666467129999999797e-01 -4.458733686370549426e-02 1.494827555262301638e-03 9.990043718032382003e-01 1.390187168099999937e+01
9.989348726418907365e-01 4.000111994833809720e-03 4.596867763987109307e-02 1.711215670000000022e-01 -3.857413268375426991e-03 9.999874639209901384e-01 -3.192548158373753261e-03 -2.687658370000000074e-01 -4.598087192307861309e-02 3.011827500930476693e-03 9.989377800004853869e-01 1.405335712399999970e+01
9.988664025536921898e-01 3.389863491077495412e-03 4.748071898104930244e-02 1.742203240000000097e-01 -3.192779850989805289e-03 9.999859732729213802e-01 -4.226040017706109500e-03 -2.714017930000000023e-01 -4.749437868073051738e-02 4.069653906660839621e-03 9.988632148151274093e-01 1.419036102299999946e+01
9.988051515571806371e-01 3.723910154085797054e-03 4.872783307311939066e-02 1.868733170000000110e-01 -3.458384993072068699e-03 9.999787162570842325e-01 -5.532323749888262178e-03 -2.752453679999999903e-01 -4.874739783903531826e-02 5.357193854825539024e-03 9.987967719601043015e-01 1.432898235300000067e+01
9.987509774937708418e-01 4.367883300989049145e-03 4.977355272337032066e-02 1.957789060000000025e-01 -4.005701103446264108e-03 9.999647884094803318e-01 -7.374028739637282330e-03 -2.822392280000000087e-01 -4.980400901440598660e-02 7.165440436713449608e-03 9.987333063182787241e-01 1.446670246100000057e+01
9.986996020726354173e-01 4.799268456492441701e-03 5.075501790209621666e-02 1.999518869999999948e-01 -4.310778908277289670e-03 9.999433749115237413e-01 -9.729550645108478793e-03 -2.810411449999999922e-01 -5.079883862022381569e-02 9.498104696953798762e-03 9.986637392045443207e-01 1.458767128000000035e+01
9.986684965067585962e-01 4.297904868723252149e-03 5.140780192412238575e-02 2.119171619999999923e-01 -3.678169931723979883e-03 9.999194962657590446e-01 -1.214380721125165805e-02 -2.824132440000000077e-01 -5.145585633223644789e-02 1.193855105823529716e-02 9.986039083879785228e-01 1.472260665900000021e+01
9.987060452645777353e-01 3.195312596749275060e-03 5.075455772042734154e-02 2.198629980000000039e-01 -2.495042440469067303e-03 9.999009080737965016e-01 -1.385455868721098549e-02 -2.881147270000000149e-01 -5.079379799943486290e-02 1.370999673983078204e-02 9.986150539993808861e-01 1.485072708100000050e+01
9.988133820565777699e-01 3.131076534225933454e-03 4.860066032923436585e-02 2.258173229999999865e-01 -2.405218086443157086e-03 9.998848038415586448e-01 -1.498645964477451735e-02 -2.911488709999999758e-01 -4.864198547199159728e-02 1.485178125561469921e-02 9.987058535138751969e-01 1.497404766100000018e+01
9.989506284491446175e-01 2.735883586592316539e-03 4.571823336547188588e-02 2.281704840000000067e-01 -2.012893796451635953e-03 9.998723135617892943e-01 -1.585259698469449613e-02 -2.963654399999999800e-01 -4.575576662698745134e-02 1.574393577208549333e-02 9.988285830445488012e-01 1.510745048499999932e+01
9.991292021404278856e-01 3.273760330863067971e-03 4.159471028301574974e-02 2.328584790000000071e-01 -2.562195623003411197e-03 9.998496638203989706e-01 -1.714890409981202624e-02 -2.987516219999999945e-01 -4.164459849513992701e-02 1.702739708620066433e-02 9.989873848876408280e-01 1.523397064199999917e+01
9.993522213298116075e-01 3.556808655952137504e-03 3.581182535638589154e-02 2.300061290000000036e-01 -2.905017618006293465e-03 9.998294890713669281e-01 -1.823605373781820096e-02 -3.008138539999999916e-01 -3.587058120257340804e-02 1.812020682758516341e-02 9.991921534463304999e-01 1.535272979700000029e+01
9.995740407750951517e-01 3.682232520469140569e-03 2.895130691719547539e-02 2.283142509999999958e-01 -3.133796658873421424e-03 9.998152181175999909e-01 -1.896599427809755878e-02 -3.016631009999999891e-01 -2.901579444111921507e-02 1.886718802898818687e-02 9.994008769702122930e-01 1.550657939899999960e+01
9.997546150231430007e-01 3.354669108915401231e-03 2.189648225393163103e-02 2.248908129999999950e-01 -2.924896158643037689e-03 9.998030328774003550e-01 -1.963008995427682757e-02 -3.107298609999999961e-01 -2.195802182320186549e-02 1.956122808827538001e-02 9.995675082921063881e-01 1.563193702699999932e+01
9.998969778017360310e-01 3.518453695611775591e-03 1.391597163501766266e-02 2.184259889999999871e-01 -3.226968303087863598e-03 9.997760835380091748e-01 -2.091337995089662116e-02 -3.052378000000000036e-01 -1.398643837885995070e-02 2.086631900914807936e-02 9.996844383466628736e-01 1.575944995899999945e+01
9.999886255052101713e-01 2.442264597083556189e-03 4.096852918818343244e-03 2.085302770000000139e-01 -2.352135475805450151e-03 9.997582309116500587e-01 -2.186200318158046385e-02 -3.170199100000000159e-01 -4.149255222814758094e-03 2.185211815924966577e-02 9.997526037040614932e-01 1.590193653100000049e+01
9.999611692981110744e-01 3.991860436939573568e-04 -8.803439467446265432e-03 1.897396739999999971e-01 -6.069540184185758446e-04 9.997210432618975906e-01 -2.361074471850823503e-02 -3.180896639999999942e-01 8.791558608915495815e-03 2.361517117967936591e-02 9.996824656796678976e-01 1.604611969000000116e+01
9.996919826188100933e-01 7.682430985589936995e-05 -2.481801736033603656e-02 1.720230580000000065e-01 -7.082476910263579449e-04 9.996762437434790760e-01 -2.543434843152421118e-02 -3.228696879999999880e-01 2.480802839567630008e-02 2.544409151361937474e-02 9.993683804954835992e-01 1.620605850200000120e+01
9.990147548951360257e-01 3.362799453409192436e-04 -4.437799474525132293e-02 1.485872860000000129e-01 -1.500769152772495497e-03 9.996553446630160877e-01 -2.620953220903743386e-02 -3.290272949999999974e-01 4.435388589245906066e-02 2.625031052130327724e-02 9.986709438067045141e-01 1.637167739899999930e+01
9.978093171076942713e-01 1.019479134026168854e-03 -6.614776908839820058e-02 1.143244499999999941e-01 -2.735198729071796741e-03 9.996620314377526739e-01 -2.585230337238832860e-02 -3.331027329999999842e-01 6.609905733812887485e-02 2.597659646760526464e-02 9.974748774054260636e-01 1.655821227999999934e+01
9.959704194841315639e-01 1.526700423610698578e-03 -8.966935205754301974e-02 7.348275199999999840e-02 -3.710898277533750990e-03 9.997003296819999552e-01 -2.419669538747883097e-02 -3.427349630000000036e-01 8.960553970919903077e-02 2.443194669929494439e-02 9.956776221417783512e-01 1.674841117900000143e+01
9.932289287387883192e-01 2.639745247978931425e-03 -1.161435614290556584e-01 2.431488000000000052e-02 -5.307186892765811126e-03 9.997290626922440415e-01 -2.266351640351489671e-02 -3.523299100000000239e-01 1.160522678954802045e-01 2.312645570581248200e-02 9.929738355882308243e-01 1.695612525900000023e+01
9.892866914810692913e-01 3.663111202583469242e-03 -1.459397946920479583e-01 -5.195665399999999795e-02 -6.772715535328037439e-03 9.997603776568838585e-01 -2.081628188804513641e-02 -3.547737000000000251e-01 1.458285719011097326e-01 2.158167935269489357e-02 9.890744454961923893e-01 1.720463943500000070e+01
9.838673684896703797e-01 3.944373587250329244e-03 -1.788559284402264915e-01 -1.300690170000000090e-01 -7.156763196185481068e-03 9.998243992325471785e-01 -1.731910620759024785e-02 -3.629201349999999771e-01 1.787562081768489242e-01 1.831973297513552965e-02 9.837228295724130822e-01 1.746002769500000085e+01
9.764090262619832261e-01 4.851858545869144716e-03 -2.158746694329296001e-01 -2.155201439999999968e-01 -7.898961125717408188e-03 9.998809536890737037e-01 -1.325461666600889765e-02 -3.686658740000000045e-01 2.157846608247679931e-01 1.464711297421140979e-02 9.763311130114928904e-01 1.771610259999999926e+01
9.669027526197777611e-01 6.434353842554130926e-03 -2.550640430694330330e-01 -3.267164229999999780e-01 -8.715414426924439698e-03 9.999314899046302108e-01 -7.813900976681713295e-03 -3.758492469999999974e-01 2.549962912037422869e-01 9.778271203808933110e-03 9.668925880802898831e-01 1.798549270599999872e+01
9.550372755875541353e-01 1.024519765813092405e-02 -2.963086872895358548e-01 -4.555988309999999819e-01 -1.174033643937314776e-02 9.999257430518525558e-01 -3.266937784968336998e-03 -3.754396139999999771e-01 2.962532138873643639e-01 6.598811040358361184e-03 9.550866395014963040e-01 1.826546478299999876e+01
9.409663782110728736e-01 1.400571096012860270e-02 -3.382101641536478520e-01 -5.942974090000000542e-01 -1.447820834495176442e-02 9.998945515695512043e-01 1.125710729329177382e-03 -3.817788060000000261e-01 3.381902668017757185e-01 3.837421273106629907e-03 9.410699323846853925e-01 1.853972435000000019e+01
9.244322187366520449e-01 1.675749720687823643e-02 -3.809780298770417684e-01 -7.647800449999999639e-01 -1.519630186917267194e-02 9.998592794662126693e-01 7.105890148806864523e-03 -3.894298370000000009e-01 3.810434953796372204e-01 -7.794566488262370807e-04 9.245567841275088572e-01 1.884312438999999983e+01
9.052960450423810368e-01 2.077095330677964508e-02 -4.242730704738996717e-01 -9.387397769999999975e-01 -1.611412908806166000e-02 9.997641228745876019e-01 1.456136863552599456e-02 -3.928780849999999880e-01 4.244754476696577794e-01 -6.345558409941152479e-03 9.054172122364968489e-01 1.912701797500000112e+01
8.836355265274944415e-01 2.501701436772806736e-02 -4.675065831093745405e-01 -1.139782429000000041e+00 -1.697733983621090015e-02 9.996267778238003832e-01 2.140268650641951112e-02 -3.961609600000000064e-01 4.678675306008779344e-01 -1.097515602308928376e-02 8.837304565079249219e-01 1.941433715799999860e+01
8.591470958567667404e-01 3.031711136788288463e-02 -5.108298546866570922e-01 -1.364511489999999938e+00 -1.996729441120654452e-02 9.994693689467522013e-01 2.573495076889157837e-02 -3.943047519999999806e-01 5.113390018713416252e-01 -1.191021811254772481e-02 8.592965564167772685e-01 1.969060897800000021e+01
8.313011252717804611e-01 3.345091029497904156e-02 -5.548148120970716191e-01 -1.583676338000000072e+00 -2.085640268384406429e-02 9.993616981259582088e-01 2.900356505484387448e-02 -3.923020360000000206e-01 5.554308684156480380e-01 -1.253925513092719705e-02 8.314681698608796800e-01 1.995385742199999868e+01
8.001877477581672560e-01 3.718216285565519030e-02 -5.985959030122803837e-01 -1.830730438000000015e+00 -2.328964560585827792e-02 9.992499956542718609e-01 3.093604034926436194e-02 -3.890590669999999807e-01 5.992972223740614668e-01 -1.081355400935890901e-02 8.004535628657176716e-01 2.022670745799999992e+01
7.663385215318464505e-01 3.947812606892357745e-02 -6.412228535996435941e-01 -2.136845588999999990e+00 -2.319996551107400204e-02 9.991596981262799160e-01 3.378844832907039464e-02 -3.773998020000000064e-01 6.420179374571000075e-01 -1.101704144893081785e-02 7.666104569995402240e-01 2.053946495099999936e+01
7.290772341490061592e-01 4.240057957265015026e-02 -6.831168110195638965e-01 -2.431848526000000010e+00 -2.343279536013042480e-02 9.990404778629754512e-01 3.700037422686132393e-02 -3.585314749999999884e-01 6.840301826288409659e-01 -1.096879406411190548e-02 7.293712325075164538e-01 2.080294799800000050e+01
6.893641200881300835e-01 4.317537986912878961e-02 -7.231272339694270190e-01 -2.754199981999999824e+00 -2.152871052123894041e-02 9.990024399014829637e-01 3.912339062730307848e-02 -3.360711339999999936e-01 7.240950383467703588e-01 -1.140226486450296624e-02 6.896059482034279098e-01 2.107492446899999905e+01
6.482197017208368717e-01 4.317593733627696218e-02 -7.602282925122449964e-01 -3.113718986999999938e+00 -1.876982276582455506e-02 9.989937977856448992e-01 4.073187620468337461e-02 -3.264290690000000161e-01 7.612219860555060613e-01 -1.213385433190964681e-02 6.483778663131269937e-01 2.133692741400000159e+01
6.043699285354632300e-01 4.251162844139121100e-02 -7.955688222456309688e-01 -3.493247986000000083e+00 -1.321333325993926701e-02 9.989728749719722911e-01 4.334285286404265802e-02 -3.206865790000000271e-01 7.965942488533299670e-01 -1.568300090841565769e-02 6.043108853696959049e-01 2.160752868699999851e+01
5.604374440665226276e-01 4.202506974934715894e-02 -8.271298355160122684e-01 -3.901371956000000196e+00 -8.019072154944073549e-03 9.989402894593718552e-01 4.532099487654808745e-02 -3.050341010000000019e-01 8.281579352816447193e-01 -1.876676869865464767e-02 5.601805446663192800e-01 2.183592987100000116e+01
5.128433926868021242e-01 4.351439057389892839e-02 -8.573786516997450313e-01 -4.347384453000000093e+00 -5.896224102687922658e-03 9.988695393905271391e-01 4.716861052741533333e-02 -2.860124110000000219e-01 8.584619322479136727e-01 -1.913481357991998755e-02 5.125202140310569643e-01 2.207697296099999917e+01
4.648374163711976870e-01 4.271678051195013787e-02 -8.843649998750763297e-01 -4.766400337000000320e+00 -4.713304690387498663e-03 9.989407179761417011e-01 4.577364665619396145e-02 -2.635829450000000129e-01 8.853835107456234921e-01 -1.710902194762757914e-02 4.645463596539641804e-01 2.224240112300000050e+01
4.133251020825586264e-01 4.200663724183020808e-02 -9.096140953261859785e-01 -5.220204830000000129e+00 -7.396548066942489064e-04 9.989505315245583716e-01 4.579616225808899599e-02 -2.393818500000000071e-01 9.105832267833673388e-01 -1.825590300246919540e-02 4.129224008289632541e-01 2.239552307099999950e+01
3.596758832782776527e-01 4.125633652020304493e-02 -9.321647781829791590e-01 -5.736347675000000201e+00 4.280216298055659896e-03 9.989385611537563436e-01 4.586317464485882567e-02 -2.184328439999999871e-01 9.330674888433487801e-01 -2.048574472638773139e-02 3.591175232797372274e-01 2.256269073500000033e+01
3.048869052237515032e-01 4.019960580670496608e-02 -9.515397872480525487e-01 -6.270870686000000305e+00 6.962980146737306891e-03 9.989880036020186704e-01 4.443518388315087497e-02 -1.941536660000000025e-01 9.523631092868726222e-01 -2.017325834462102563e-02 3.042984517167346414e-01 2.271081161500000078e+01
2.520742083403657574e-01 4.690343581410583162e-02 -9.665705671074460437e-01 -6.841029643999999799e+00 8.368596541777680725e-03 9.986817011761975893e-01 5.064411444321045841e-02 -1.754108669999999981e-01 9.676717212368555199e-01 -2.085491416065061998e-02 2.513493832772483172e-01 2.281248474099999868e+01
2.002929073199166132e-01 5.128623255352098009e-02 -9.783928012959834941e-01 -7.408012389999999669e+00 1.179101793211500063e-02 9.984304512608535020e-01 5.475039626498683087e-02 -1.487915519999999936e-01 9.796651076635629618e-01 -2.250236310956489280e-02 1.993738209520634630e-01 2.290731620800000101e+01
1.531191690828417884e-01 5.223292892401987242e-02 -9.868263480447806435e-01 -8.046777725000000103e+00 1.580039408852614014e-02 9.983450769060242536e-01 5.529425796727711895e-02 -1.134595270000000045e-01 9.880814073779687901e-01 -2.405885603105037407e-02 1.520404677723987685e-01 2.297231674200000029e+01
1.084981530813417944e-01 5.338084094888539965e-02 -9.926623980979271122e-01 -8.664726256999999876e+00 1.925136666874066246e-02 9.982571415712376828e-01 5.578587799262074709e-02 -9.142947199999999774e-02 9.939102251508048491e-01 -2.516277253427503038e-02 1.072814020185460793e-01 2.302397728000000043e+01
6.868652966662652792e-02 5.199341249006765586e-02 -9.962825129951811132e-01 -9.298990249999999236e+00 1.849299748097466001e-02 9.984030685634216473e-01 5.337903827639130239e-02 -6.548291400000000317e-02 9.974668764858931613e-01 -2.209067089930633054e-02 6.761532794192637308e-02 2.303774642899999847e+01
3.299960335725850291e-02 4.751846856887185361e-02 -9.983251080300109548e-01 -9.935072898999999680e+00 1.585611571659018698e-02 9.987185255691480856e-01 4.806131791127857267e-02 -3.484290799999999882e-02 9.993295801549387791e-01 -1.741556286360054773e-02 3.220385687302473876e-02 2.303836250299999833e+01
4.483893903043059681e-03 4.742025139739146355e-02 -9.988649630720235484e-01 -1.060550785100000049e+01 1.456955871553737916e-02 9.987658821397593645e-01 4.748095020555820334e-02 -5.002620000000000157e-04 9.998838045764623095e-01 -1.476592127150831713e-02 3.787468112454006608e-03 2.302931594800000070e+01
-1.650565359235744295e-02 5.147652931385097996e-02 -9.985377961445871531e-01 -1.132176590000000083e+01 1.353589431791879169e-02 9.985938291693273738e-01 5.125567197836979061e-02 3.230798199999999898e-02 9.997721455234203081e-01 -1.267009371474218590e-02 -1.717922468438026762e-02 2.299567222599999994e+01
-2.927593197763611599e-02 5.777592149721926668e-02 -9.979002268273055032e-01 -1.208097553300000015e+01 1.428727351042231170e-02 9.982503439559408109e-01 5.737703902681069723e-02 6.196540600000000065e-02 9.994692559666250586e-01 -1.257750718516708818e-02 -3.005016955905348564e-02 2.296045494099999829e+01
-3.696583320305624198e-02 6.039971275873192574e-02 -9.974895497569216118e-01 -1.284364509599999948e+01 1.394398909825397131e-02 9.981057687041238191e-01 5.992027743241663817e-02 9.610521800000000614e-02 9.992192413798042239e-01 -1.169398042638520804e-02 -3.773802430117034756e-02 2.292216491699999992e+01
-4.104954602725367080e-02 5.750345813675857010e-02 -9.975010210888359818e-01 -1.363837718999999993e+01 1.459219288190278033e-02 9.982705400687403863e-01 5.694731545703246578e-02 1.335986259999999981e-01 9.990505506118565471e-01 -1.221806585264127373e-02 -4.181765403471116027e-02 2.289173126200000041e+01
-4.010907123946537423e-02 5.386775721013750684e-02 -9.977422147716601408e-01 -1.444078350100000030e+01 2.259351809544385761e-02 9.983393253312632387e-01 5.299173932971935896e-02 1.686282749999999941e-01 9.989398356980156990e-01 -2.041705733615284749e-02 -4.125952526815968024e-02 2.286517143200000035e+01
-3.587156517647847181e-02 5.192313095776291548e-02 -9.980066228654660421e-01 -1.527863025699999966e+01 3.429452350719690984e-02 9.981251105639795673e-01 5.069664011606547088e-02 2.175328729999999877e-01 9.987677990750423174e-01 -3.240759375804600634e-02 -3.758498899307383123e-02 2.285617828399999851e+01
-2.981456122833743214e-02 5.224896829939269793e-02 -9.981889286354617141e-01 -1.609882736200000153e+01 3.413822050398446217e-02 9.981035007898605427e-01 5.122483393673581825e-02 2.516657709999999826e-01 9.989723088452366895e-01 -3.254914780257516654e-02 -3.154170473742756720e-02 2.282333183300000101e+01
-2.471095689330285450e-02 5.068645728094847702e-02 -9.984088599655573937e-01 -1.697281646700000124e+01 3.217069085798883454e-02 9.982368874580248574e-01 4.988149123507042842e-02 2.853457329999999903e-01 9.991768688571294188e-01 -3.088688340414551953e-02 -2.629800704315210513e-02 2.279713630699999882e+01
-2.184232738972952115e-02 4.403822863476140881e-02 -9.987910427876853792e-01 -1.785404396099999857e+01 3.587312553103493007e-02 9.984205760566071675e-01 4.323739320804987490e-02 3.241637350000000084e-01 9.991176265079273477e-01 -3.488535115926722635e-02 -2.338761799884991888e-02 2.278537177999999841e+01
-1.940877115308911605e-02 3.340867165577268705e-02 -9.992533013508254625e-01 -1.873190689100000128e+01 3.341959724590533309e-02 9.989047529864517605e-01 3.274790040593730800e-02 3.547394280000000233e-01 9.992529360088205914e-01 -3.275904637306285838e-02 -2.050401810570368077e-02 2.275722885100000070e+01
-1.896823320056563802e-02 2.530182205501816869e-02 -9.994998869084200654e-01 -1.965785407999999990e+01 2.568682101203406329e-02 9.993621008512016957e-01 2.481085666736141879e-02 3.773057759999999816e-01 9.994900666617673179e-01 -2.520335658139255183e-02 -1.960605675515836310e-02 2.273678970299999946e+01
-2.079173860536177171e-02 2.220055649564823749e-02 -9.995373124086212036e-01 -2.060084343000000118e+01 1.965472321817370374e-02 9.995692983496275996e-01 2.179242189501028396e-02 4.094305630000000251e-01 9.995906139320153150e-01 -1.919252688200985199e-02 -2.121912936244174652e-02 2.270894813499999998e+01
-2.448736641777752784e-02 2.832464937558566015e-02 -9.992987957181134195e-01 -2.160220146200000002e+01 1.116675477413370254e-02 9.995439232001492869e-01 2.805796110675894128e-02 4.300772549999999916e-01 9.996377706318104739e-01 -1.047185902331434527e-02 -2.479249271170547164e-02 2.266244125400000087e+01
-2.911723884863693518e-02 3.614583203135653816e-02 -9.989222518437520515e-01 -2.260636711100000085e+01 6.059721135884842125e-03 9.993339904507330118e-01 3.598409800967192901e-02 4.602683779999999780e-01 9.995576352475062931e-01 -5.005432706102888596e-03 -2.931688015184996665e-02 2.261486244199999973e+01
-3.358933376322138786e-02 4.578965974195919886e-02 -9.983862297317900314e-01 -2.357973480200000083e+01 4.562186503971204371e-03 9.989465351970046036e-01 4.566186890834314505e-02 4.882574080000000039e-01 9.994253064194671410e-01 -3.021072428018269779e-03 -3.376284955004194011e-02 2.258268356299999979e+01
-3.574800645761493090e-02 5.573989218290685554e-02 -9.978051635734024316e-01 -2.461137771599999979e+01 3.195586780475708627e-03 9.984446040222263452e-01 5.566112578836543423e-02 5.322847370000000078e-01 9.993557265856012339e-01 -1.198798706084965721e-03 -3.587052581476213309e-02 2.254847335799999897e+01
-3.630054746094672075e-02 6.298786051495743055e-02 -9.973538989154172585e-01 -2.563546180699999866e+01 5.606642883448559322e-03 9.980088001880398352e-01 6.282515660789632361e-02 5.813643339999999826e-01 9.993251902206875537e-01 -3.311219560447456467e-03 -3.658141625756827775e-02 2.250901603699999853e+01
-3.790790171622229754e-02 6.376294814441200998e-02 -9.972448432714039468e-01 -2.670201683000000159e+01 6.621184796352760221e-03 9.979562614823641598e-01 6.355674692773181922e-02 6.374013419999999819e-01 9.992593011322769003e-01 -4.193639478570560658e-03 -3.825261414018654715e-02 2.247734451299999847e+01
-3.954607624972675262e-02 6.120223045220996028e-02 -9.973416640454393356e-01 -2.771679306000000054e+01 4.774735153035138818e-03 9.981226262578494213e-01 6.106082914890559321e-02 6.779181960000000284e-01 9.992063399305819438e-01 -2.347326097510173820e-03 -3.976405792575476994e-02 2.243157195999999942e+01
-4.260056776272803936e-02 5.641775259329645520e-02 -9.974979843681965885e-01 -2.875030136100000178e+01 5.162335966292553452e-03 9.984034540563666571e-01 5.624849523043065624e-02 7.259321210000000413e-01 9.990788466951268099e-01 -2.753201888392824842e-03 -4.282380139241970252e-02 2.239481735200000045e+01
-4.723782822765917183e-02 5.179155502538997785e-02 -9.975400856168065156e-01 -2.979463577299999955e+01 4.949525080845576519e-03 9.986547897010835673e-01 5.161504827623938918e-02 7.616338729999999613e-01 9.988714080329897937e-01 -2.499166888473881853e-03 -4.743062701520306401e-02 2.234308433500000035e+01
-5.234848848092379242e-02 4.669118959373274452e-02 -9.975367504849553812e-01 -3.081837654099999924e+01 4.698107860796836566e-03 9.989068334383688352e-01 4.650877221190932720e-02 8.014436959999999832e-01 9.986178265664450437e-01 -2.251871322490047594e-03 -5.251062310862475435e-02 2.226598739599999988e+01
-5.931908486241840167e-02 4.475869745880788064e-02 -9.972351303343039985e-01 -3.185096359299999946e+01 4.266590847288129207e-03 9.989965297903884434e-01 4.458396201890606897e-02 8.384387490000000387e-01 9.982299546565546189e-01 -1.610114453176193783e-03 -5.945052697681185716e-02 2.221480941800000153e+01
-6.556130884092363498e-02 4.719846477522312428e-02 -9.967316688587390949e-01 -3.291735076900000223e+01 4.056615050110748411e-03 9.988850703463091341e-01 4.703360621496566890e-02 8.741171359999999613e-01 9.978402971705444546e-01 -9.597719058526132940e-04 -6.567967859611134607e-02 2.213178825399999994e+01
-7.281365949329675347e-02 5.155703452176121221e-02 -9.960120697976088122e-01 -3.400827026399999653e+01 2.270033768839621602e-03 9.986689386844375127e-01 5.152861198972273626e-02 9.206770659999999884e-01 9.973429790888804769e-01 1.491005774969442893e-03 -7.283377625728637561e-02 2.205617332499999961e+01
-7.899349284848576624e-02 5.457707011184597529e-02 -9.953800136157057166e-01 -3.507381057700000326e+01 2.043861507308175618e-04 9.985010609835607287e-01 5.473197823032589088e-02 9.609320759999999684e-01 9.968751106903498416e-01 4.120028241423441540e-03 -7.888624121728871064e-02 2.197044563300000064e+01
-8.368399346126838279e-02 5.650016352943122711e-02 -9.948893007563816004e-01 -3.614672088599999711e+01 -3.383881086086247547e-03 9.983694464438761518e-01 5.698243375061730343e-02 1.008618832000000021e+00 9.964865972942985595e-01 8.135104700972912301e-03 -8.335635239341143699e-02 2.187953758200000109e+01
-8.582420986341639246e-02 5.756809900174157668e-02 -9.946457253608677052e-01 -3.719084167500000149e+01 -7.912429725649924167e-03 9.982583986163451328e-01 5.845992685392902011e-02 1.057212830000000103e+00 9.962788758460944250e-01 1.288734143474752278e-02 -8.521923476297665889e-02 2.176764106799999965e+01
-8.811354568011837973e-02 5.916061063667046177e-02 -9.943520630122784087e-01 -3.827606201199999703e+01 -1.156320025075890240e-02 9.981067506754222052e-01 6.040866375041941544e-02 1.100789309000000049e+00 9.960433200758080918e-01 1.682071357721370147e-02 -8.726263878152440423e-02 2.167108535799999913e+01
-8.935936479286679668e-02 5.836067975443333389e-02 -9.942881549040077926e-01 -3.940531539900000269e+01 -1.360690630832127671e-02 9.981171361980604173e-01 5.980831487760798759e-02 1.155452727999999984e+00 9.959064996396661540e-01 1.887361879404726370e-02 -8.839700497802549517e-02 2.157125663800000126e+01
-9.081702192917755212e-02 5.736685373987664843e-02 -9.942139169313123359e-01 -4.051351165799999876e+01 -1.220686449706172988e-02 9.982003323128392225e-01 5.871191556820245377e-02 1.204689263999999982e+00 9.957927801440745741e-01 1.746827588873500064e-02 -8.995331205914203210e-02 2.147777366600000093e+01
-9.218059840477878242e-02 5.628760814948993024e-02 -9.941501106203963767e-01 -4.160898590099999694e+01 -1.290475520902929080e-02 9.982496169365623340e-01 5.771628521484765961e-02 1.256909609000000039e+00 9.956586787502693658e-01 1.814958552739115091e-02 -9.129286924208257492e-02 2.138410186799999835e+01
-9.346100525488762467e-02 5.574645666541361289e-02 -9.940610509752392243e-01 -4.269728469799999715e+01 -1.525297556604067462e-02 9.982338989226056114e-01 5.741454326348809090e-02 1.298189878000000075e+00 9.955060960301185258e-01 2.052840985133386545e-02 -9.244564433140167736e-02 2.127868461599999961e+01
-9.409968322827835796e-02 5.303865171609947748e-02 -9.941489581750191373e-01 -4.376530075099999806e+01 -1.977246199349530151e-02 9.982833512063136183e-01 5.513075775833024134e-02 1.355188489000000107e+00 9.953664146248122346e-01 2.484455933258233190e-02 -9.288944239533547531e-02 2.117727088899999899e+01
-9.491831427028041279e-02 4.838148829163899101e-02 -9.943086770247827610e-01 -4.486231994599999950e+01 -2.492501523265773164e-02 9.983896427216170100e-01 5.095944389270532643e-02 1.394915700000000092e+00 9.951729785478199419e-01 2.962014343125301402e-02 -9.355955253939562954e-02 2.107437133799999884e+01
-9.393761214768615864e-02 4.772473504404012301e-02 -9.944335446318005589e-01 -4.598731231699999711e+01 -2.669102566596165405e-02 9.983706220790365959e-01 5.043500885710641007e-02 1.435505271000000027e+00 9.952202340049612905e-01 3.128019556354458969e-02 -9.251073014854305221e-02 2.096134948699999967e+01
-9.155966888575539642e-02 5.230216099333835633e-02 -9.944251158277116476e-01 -4.710464096100000120e+01 -2.805062388765028336e-02 9.980879870134417020e-01 5.507751518514075739e-02 1.478824139000000093e+00 9.954044351584155903e-01 3.293712396191786351e-02 -8.991749736326537512e-02 2.084764289900000023e+01
-8.873414382313576931e-02 5.617833376558846459e-02 -9.944698318879749976e-01 -4.822618102999999934e+01 -2.811829864170169516e-02 9.978690250336884615e-01 5.887928464079892482e-02 1.514529704999999948e+00 9.956583816758994843e-01 3.318740263470896373e-02 -8.696541441797756011e-02 2.072665023800000128e+01
-8.728976607134822374e-02 5.565447742057953728e-02 -9.946271039350632615e-01 -4.936186599700000244e+01 -2.541006952106687408e-02 9.979889279981829509e-01 5.807260937802165290e-02 1.568591236999999916e+00 9.958588379414742286e-01 3.034268834628767522e-02 -8.570003592634134471e-02 2.063352966300000091e+01
-8.453695461794216715e-02 5.428197970203442468e-02 -9.949406866660707172e-01 -5.048265457200000128e+01 -2.596779142210239866e-02 9.980558634150297204e-01 5.665833841137248722e-02 1.620635508999999974e+00 9.960819128528449751e-01 3.062613561171805693e-02 -8.296302010480627320e-02 2.053408241300000014e+01
-8.125204894222284868e-02 5.554264249214756199e-02 -9.951447730896648691e-01 -5.161283111600000240e+01 -3.045300652831089624e-02 9.978415447736365129e-01 5.817960052414789668e-02 1.657655953999999987e+00 9.962282464054498243e-01 3.503236202074105216e-02 -7.938522957811777747e-02 2.043786811800000081e+01
-7.622216108889921793e-02 5.678387913141585974e-02 -9.954726381120311274e-01 -5.275182723999999723e+01 -3.476986238736232138e-02 9.976184852619267573e-01 5.956857001190049572e-02 1.703776120999999977e+00 9.964844398326058172e-01 3.915289177682229615e-02 -7.406626922567827176e-02 2.035111618000000178e+01
-6.984891193563326495e-02 5.599823927033070053e-02 -9.959846016380128342e-01 -5.386399459799999789e+01 -3.899721740828659272e-02 9.975066797836512622e-01 5.881871149053750913e-02 1.752992867999999982e+00 9.967950373751964799e-01 4.294905104445326249e-02 -6.749098072010784044e-02 2.025896644599999874e+01
-6.375111898653543219e-02 5.493292583440534393e-02 -9.964527929045289278e-01 -5.501097488399999946e+01 -4.010695344064099666e-02 9.975361837697440670e-01 5.755861669468571168e-02 1.806084752000000071e+00 9.971595795627069547e-01 4.363411199242193256e-02 -6.139085564608071088e-02 2.018128967299999843e+01
-5.810885967691517551e-02 5.438845919271698137e-02 -9.968275958929360137e-01 -5.615569305399999678e+01 -4.062731934622071384e-02 9.975587995708746769e-01 5.679667526762159635e-02 1.850719094000000009e+00 9.974832235931532232e-01 4.379882310470932516e-02 -5.575734700336454353e-02 2.011499786399999934e+01
-5.311727408921720905e-02 5.368637230562518792e-02 -9.971440861891490703e-01 -5.732595062299999711e+01 -3.835671037498687708e-02 9.977071680644679086e-01 5.575992792309650281e-02 1.901359320000000075e+00 9.978513506342218120e-01 4.120898229077422925e-02 -5.093625247324651273e-02 2.006913375899999963e+01
-4.576099312257218832e-02 5.451731032998259618e-02 -9.974636807337000644e-01 -5.852052307099999950e+01 -3.856623732968939011e-02 9.976688820688064396e-01 5.629784267454591984e-02 1.952725529999999932e+00 9.982076822218242107e-01 4.104466623036692741e-02 -4.355179132219255678e-02 1.997214126600000128e+01
-4.204816912666910211e-02 5.659127750568923587e-02 -9.975115933077515207e-01 -5.966466522200000355e+01 -3.745524705048412784e-02 9.976034952500325570e-01 5.817534472012547697e-02 1.991265534999999920e+00 9.984132691132877602e-01 3.980820989685798783e-02 -3.982776020975153930e-02 1.995755195599999965e+01
-3.517606927097022274e-02 5.781101430391151486e-02 -9.977076379259591787e-01 -6.086261367800000244e+01 -3.868855376773289168e-02 9.974983429085770847e-01 5.916292506294683340e-02 2.049988270000000057e+00 9.986319842454501883e-01 4.068098474466368131e-02 -3.285144627256608718e-02 1.987686729400000019e+01
-2.986554160371166292e-02 5.656507298145509177e-02 -9.979521240737554422e-01 -6.211844634999999926e+01 -3.806364080044014053e-02 9.976089561266083816e-01 5.768474586052842884e-02 2.113050938000000212e+00 9.988289186210681514e-01 3.970847736417682655e-02 -2.764105916361780935e-02 1.984358024599999837e+01
